0.000000000000000000e+00 0.000000000000000000e+00 1.026322491538434635e-21
0.000000000000000000e+00 1.551724137931034475e+00 -1.857824161326771361e-10
0.000000000000000000e+00 3.103448275862068950e+00 -3.857044391740282092e-10
0.000000000000000000e+00 4.655172413793103203e+00 -5.733556719680082799e-10
0.000000000000000000e+00 6.206896551724137900e+00 -7.035253853669544492e-10
0.000000000000000000e+00 7.758620689655172598e+00 -7.497023155663577233e-10
0.000000000000000000e+00 9.310344827586206407e+00 -7.161005627878529717e-10
0.000000000000000000e+00 1.086206896551724199e+01 -6.280971053142873355e-10
0.000000000000000000e+00 1.241379310344827580e+01 -5.165125238711181697e-10
0.000000000000000000e+00 1.396551724137930961e+01 -4.060052142137192417e-10
0.000000000000000000e+00 1.551724137931034520e+01 -3.106893884210665432e-10
0.000000000000000000e+00 1.706896551724138078e+01 -2.353057319096191747e-10
0.000000000000000000e+00 1.862068965517241281e+01 -1.787388469840703187e-10
0.000000000000000000e+00 2.017241379310344840e+01 -1.373933278510341149e-10
0.000000000000000000e+00 2.172413793103448398e+01 -1.073547205410919457e-10
0.000000000000000000e+00 2.327586206896551602e+01 -8.536274608124314497e-11
0.000000000000000000e+00 2.482758620689655160e+01 -6.901204431428205855e-11
0.000000000000000000e+00 2.637931034482758719e+01 -5.663291493987982658e-11
0.000000000000000000e+00 2.793103448275861922e+01 -4.709424857692501405e-11
0.000000000000000000e+00 2.948275862068965480e+01 -3.962339806692499084e-11
0.000000000000000000e+00 3.103448275862069039e+01 -3.368591677517251367e-11
0.000000000000000000e+00 3.258620689655172242e+01 -2.890637394300773162e-11
0.000000000000000000e+00 3.413793103448276156e+01 -2.501352623559431460e-11
0.000000000000000000e+00 3.568965517241379359e+01 -2.181025864926334642e-11
0.000000000000000000e+00 3.724137931034482563e+01 -1.914936957237251428e-11
0.000000000000000000e+00 3.879310344827586476e+01 -1.691997455870150510e-11
0.000000000000000000e+00 4.034482758620689680e+01 -1.503710434500777548e-11
0.000000000000000000e+00 4.189655172413792883e+01 -1.343482176421500886e-11
0.000000000000000000e+00 4.344827586206896797e+01 -1.206357484377634682e-11
0.000000000000000000e+00 4.500000000000000000e+01 -1.088105644869256476e-11
1.551724137931034475e+00 0.000000000000000000e+00 1.358279852749786792e-21
1.551724137931034475e+00 1.551724137931034475e+00 -1.109353962524854003e-06
1.551724137931034475e+00 3.103448275862068950e+00 -2.268716307076118139e-06
1.551724137931034475e+00 4.655172413793103203e+00 -3.327333531508811077e-06
1.551724137931034475e+00 6.206896551724137900e+00 -4.042848397121432949e-06
1.551724137931034475e+00 7.758620689655172598e+00 -4.277307078205959614e-06
1.551724137931034475e+00 9.310344827586206407e+00 -4.062177229756610621e-06
1.551724137931034475e+00 1.086206896551724199e+01 -3.545000613723445698e-06
1.551724137931034475e+00 1.241379310344827580e+01 -2.901270947715946796e-06
1.551724137931034475e+00 1.396551724137930961e+01 -2.269607732923290408e-06
1.551724137931034475e+00 1.551724137931034520e+01 -1.728062474365293604e-06
1.551724137931034475e+00 1.706896551724138078e+01 -1.301635673911050931e-06
1.551724137931034475e+00 1.862068965517241281e+01 -9.827163822442570440e-07
1.551724137931034475e+00 2.017241379310344840e+01 -7.502053728764084067e-07
1.551724137931034475e+00 2.172413793103448398e+01 -5.816534539742207703e-07
1.551724137931034475e+00 2.327586206896551602e+01 -4.585020039861047948e-07
1.551724137931034475e+00 2.482758620689655160e+01 -3.671566942197653833e-07
1.551724137931034475e+00 2.637931034482758719e+01 -2.981986270896993655e-07
1.551724137931034475e+00 2.793103448275861922e+01 -2.452305448312997281e-07
1.551724137931034475e+00 2.948275862068965480e+01 -2.038976593651796975e-07
1.551724137931034475e+00 3.103448275862069039e+01 -1.711910062153528951e-07
1.551724137931034475e+00 3.258620689655172242e+01 -1.449804971809293029e-07
1.551724137931034475e+00 3.413793103448276156e+01 -1.237412082980633068e-07
1.551724137931034475e+00 3.568965517241379359e+01 -1.063573974107908639e-07
1.551724137931034475e+00 3.724137931034482563e+01 -9.200192234398133770e-08
1.551724137931034475e+00 3.879310344827586476e+01 -8.004534405650152157e-08
1.551724137931034475e+00 4.034482758620689680e+01 -7.001048584132369570e-08
1.551724137931034475e+00 4.189655172413792883e+01 -6.153665486329859302e-08
1.551724137931034475e+00 4.344827586206896797e+01 -5.432272726547590012e-08
1.551724137931034475e+00 4.500000000000000000e+01 -4.815689109587172261e-08
3.103448275862068950e+00 0.000000000000000000e+00 2.972321092262862697e-21
3.103448275862068950e+00 1.551724137931034475e+00 -2.261749458228353656e-06
3.103448275862068950e+00 3.103448275862068950e+00 -4.492719552517329583e-06
3.103448275862068950e+00 4.655172413793103203e+00 -6.419039840185301554e-06
3.103448275862068950e+00 6.206896551724137900e+00 -7.665566078198339446e-06
3.103448275862068950e+00 7.758620689655172598e+00 -8.032344944566210748e-06
3.103448275862068950e+00 9.310344827586206407e+00 -7.596133769846768666e-06
3.103448275862068950e+00 1.086206896551724199e+01 -6.625691084883841817e-06
3.103448275862068950e+00 1.241379310344827580e+01 -5.434219999761565432e-06
3.103448275862068950e+00 1.396551724137930961e+01 -4.268470791696824687e-06
3.103448275862068950e+00 1.551724137931034520e+01 -3.267517233796368301e-06
3.103448275862068950e+00 1.706896551724138078e+01 -2.476185208748050187e-06
3.103448275862068950e+00 1.862068965517241281e+01 -1.880990495584270628e-06
3.103448275862068950e+00 2.017241379310344840e+01 -1.444197507433804150e-06
3.103448275862068950e+00 2.172413793103448398e+01 -1.125371455648450052e-06
3.103448275862068950e+00 2.327586206896551602e+01 -8.908999030036109899e-07
3.103448275862068950e+00 2.482758620689655160e+01 -7.159465517338370368e-07
3.103448275862068950e+00 2.637931034482758719e+01 -5.831872529852550730e-07
3.103448275862068950e+00 2.793103448275861922e+01 -4.807752269074330019e-07
3.103448275862068950e+00 2.948275862068965480e+01 -4.005702311932268339e-07
3.103448275862068950e+00 3.103448275862069039e+01 -3.368985701341807192e-07
3.103448275862068950e+00 3.258620689655172242e+01 -2.857490984380660493e-07
3.103448275862068950e+00 3.413793103448276156e+01 -2.442055165789126362e-07
3.103448275862068950e+00 3.568965517241379359e+01 -2.101371604097689128e-07
3.103448275862068950e+00 3.724137931034482563e+01 -1.819519229429881436e-07
3.103448275862068950e+00 3.879310344827586476e+01 -1.584415984998385704e-07
3.103448275862068950e+00 4.034482758620689680e+01 -1.386880634374220227e-07
3.103448275862068950e+00 4.189655172413792883e+01 -1.219741452624502213e-07
3.103448275862068950e+00 4.344827586206896797e+01 -1.077504476623609602e-07
3.103448275862068950e+00 4.500000000000000000e+01 -9.557154648366539292e-08
4.655172413793103203e+00 0.000000000000000000e+00 2.472683990157863089e-21
4.655172413793103203e+00 1.551724137931034475e+00 -3.305491932263508041e-06
4.655172413793103203e+00 3.103448275862068950e+00 -6.395628924308464528e-06
4.655172413793103203e+00 4.655172413793103203e+00 -8.902084261715359395e-06
4.655172413793103203e+00 6.206896551724137900e+00 -1.043252116664831603e-05
4.655172413793103203e+00 7.758620689655172598e+00 -1.081353372099946354e-05
4.655172413793103203e+00 9.310344827586206407e+00 -1.018155485069567702e-05
4.655172413793103203e+00 1.086206896551724199e+01 -8.885840508245911130e-06
4.655172413793103203e+00 1.241379310344827580e+01 -7.319625214871183089e-06
4.655172413793103203e+00 1.396551724137930961e+01 -5.790697049781868248e-06
4.655172413793103203e+00 1.551724137931034520e+01 -4.473086011291186816e-06
4.655172413793103203e+00 1.706896551724138078e+01 -3.423829158901196301e-06
4.655172413793103203e+00 1.862068965517241281e+01 -2.626988941983969392e-06
4.655172413793103203e+00 2.017241379310344840e+01 -2.035741481277276939e-06
4.655172413793103203e+00 2.172413793103448398e+01 -1.599247429211572175e-06
4.655172413793103203e+00 2.327586206896551602e+01 -1.274757471077676996e-06
4.655172413793103203e+00 2.482758620689655160e+01 -1.030299037580750467e-06
4.655172413793103203e+00 2.637931034482758719e+01 -8.432652791200609716e-07
4.655172413793103203e+00 2.793103448275861922e+01 -6.979519375181666466e-07
4.655172413793103203e+00 2.948275862068965480e+01 -5.834731273720150014e-07
4.655172413793103203e+00 3.103448275862069039e+01 -4.921460793871684772e-07
4.655172413793103203e+00 3.258620689655172242e+01 -4.184490581708667310e-07
4.655172413793103203e+00 3.413793103448276156e+01 -3.583748470555855897e-07
4.655172413793103203e+00 3.568965517241379359e+01 -3.089471864299639098e-07
4.655172413793103203e+00 3.724137931034482563e+01 -2.679434965641309095e-07
4.655172413793103203e+00 3.879310344827586476e+01 -2.336559356665275135e-07
4.655172413793103203e+00 4.034482758620689680e+01 -2.047745739047974362e-07
4.655172413793103203e+00 4.189655172413792883e+01 -1.803085965997496924e-07
4.655172413793103203e+00 4.344827586206896797e+01 -1.594448593119016194e-07
4.655172413793103203e+00 4.500000000000000000e+01 -1.415435280877645729e-07
6.206896551724137900e+00 0.000000000000000000e+00 2.543057497459129127e-21
6.206896551724137900e+00 1.551724137931034475e+00 -4.004237844482091537e-06
6.206896551724137900e+00 3.103448275862068950e+00 -7.613000532141892863e-06
6.206896551724137900e+00 4.655172413793103203e+00 -1.039741430127817395e-05
6.206896551724137900e+00 6.206896551724137900e+00 -1.200886811702996865e-05
6.206896551724137900e+00 7.758620689655172598e+00 -1.234509343958428946e-05
6.206896551724137900e+00 9.310344827586206407e+00 -1.159817732379248845e-05
6.206896551724137900e+00 1.086206896551724199e+01 -1.015280753584224925e-05
6.206896551724137900e+00 1.241379310344827580e+01 -8.424400055631463974e-06
6.206896551724137900e+00 1.396551724137930961e+01 -6.735458884271852330e-06
6.206896551724137900e+00 1.551724137931034520e+01 -5.269583975216683218e-06
6.206896551724137900e+00 1.706896551724138078e+01 -4.089101081974449101e-06
6.206896551724137900e+00 1.862068965517241281e+01 -3.179982475212365668e-06
6.206896551724137900e+00 2.017241379310344840e+01 -2.494934545734247000e-06
6.206896551724137900e+00 2.172413793103448398e+01 -1.981267790094868785e-06
6.206896551724137900e+00 2.327586206896551602e+01 -1.593771312314610488e-06
6.206896551724137900e+00 2.482758620689655160e+01 -1.298034033612393600e-06
6.206896551724137900e+00 2.637931034482758719e+01 -1.069175208342803687e-06
6.206896551724137900e+00 2.793103448275861922e+01 -8.897180509941343759e-07
6.206896551724137900e+00 2.948275862068965480e+01 -7.471560284877162433e-07
6.206896551724137900e+00 3.103448275862069039e+01 -6.326602400373473493e-07
6.206896551724137900e+00 3.258620689655172242e+01 -5.397306305727555646e-07
6.206896551724137900e+00 3.413793103448276156e+01 -4.635900022545609736e-07
6.206896551724137900e+00 3.568965517241379359e+01 -4.006645612280256804e-07
6.206896551724137900e+00 3.724137931034482563e+01 -3.482591495813736164e-07
6.206896551724137900e+00 3.879310344827586476e+01 -3.042879126295782317e-07
6.206896551724137900e+00 4.034482758620689680e+01 -2.671545103790034182e-07
6.206896551724137900e+00 4.189655172413792883e+01 -2.355893825637979035e-07
6.206896551724137900e+00 4.344827586206896797e+01 -2.086076922841193668e-07
6.206896551724137900e+00 4.500000000000000000e+01 -1.854213181989794663e-07
7.758620689655172598e+00 0.000000000000000000e+00 4.144484720904087758e-21
7.758620689655172598e+00 1.551724137931034475e+00 -4.229480671471666687e-06
7.758620689655172598e+00 3.103448275862068950e+00 -7.962229268041791388e-06
7.758620689655172598e+00 4.655172413793103203e+00 -1.075427910706848199e-05
7.758620689655172598e+00 6.206896551724137900e+00 -1.231714808080022349e-05
7.758620689655172598e+00 7.758620689655172598e+00 -1.261544093938462486e-05
7.758620689655172598e+00 9.310344827586206407e+00 -1.187054159920355972e-05
7.758620689655172598e+00 1.086206896551724199e+01 -1.045904804305742972e-05
7.758620689655172598e+00 1.241379310344827580e+01 -8.772780972911235612e-06
7.758620689655172598e+00 1.396551724137930961e+01 -7.113914293419105816e-06
7.758620689655172598e+00 1.551724137931034520e+01 -5.656878154315773197e-06
7.758620689655172598e+00 1.706896551724138078e+01 -4.464764747193181249e-06
7.758620689655172598e+00 1.862068965517241281e+01 -3.529542829615541044e-06
7.758620689655172598e+00 2.017241379310344840e+01 -2.810794140831500660e-06
7.758620689655172598e+00 2.172413793103448398e+01 -2.261226364806814948e-06
7.758620689655172598e+00 2.327586206896551602e+01 -1.839085525778744521e-06
7.758620689655172598e+00 2.482758620689655160e+01 -1.511728215565871406e-06
7.758620689655172598e+00 2.637931034482758719e+01 -1.254901062672539377e-06
7.758620689655172598e+00 2.793103448275861922e+01 -1.051114960276186779e-06
7.758620689655172598e+00 2.948275862068965480e+01 -8.876725940689206292e-07
7.758620689655172598e+00 3.103448275862069039e+01 -7.552552056028655603e-07
7.758620689655172598e+00 3.258620689655172242e+01 -6.469782117505782972e-07
7.758620689655172598e+00 3.413793103448276156e+01 -5.577144531627912514e-07
7.758620689655172598e+00 3.568965517241379359e+01 -4.835482545947473915e-07
7.758620689655172598e+00 3.724137931034482563e+01 -4.214600629240204898e-07
7.758620689655172598e+00 3.879310344827586476e+01 -3.691553258754220376e-07
7.758620689655172598e+00 4.034482758620689680e+01 -3.248125538301034632e-07
7.758620689655172598e+00 4.189655172413792883e+01 -2.869979771223520392e-07
7.758620689655172598e+00 4.344827586206896797e+01 -2.545735534064097501e-07
7.758620689655172598e+00 4.500000000000000000e+01 -2.266274007342998270e-07
9.310344827586206407e+00 0.000000000000000000e+00 2.101789959719995364e-21
9.310344827586206407e+00 1.551724137931034475e+00 -4.018961511176482503e-06
9.310344827586206407e+00 3.103448275862068950e+00 -7.532007878709253764e-06
9.310344827586206407e+00 4.655172413793103203e+00 -1.012543368481194659e-05
9.310344827586206407e+00 6.206896551724137900e+00 -1.156820617099783254e-05
9.310344827586206407e+00 7.758620689655172598e+00 -1.186461115141648884e-05
9.310344827586206407e+00 9.310344827586206407e+00 -1.123036210729078297e-05
9.310344827586206407e+00 1.086206896551724199e+01 -9.999298397622004384e-06
9.310344827586206407e+00 1.241379310344827580e+01 -8.509831072173194825e-06
9.310344827586206407e+00 1.396551724137930961e+01 -7.023115032822147162e-06
9.310344827586206407e+00 1.551724137931034520e+01 -5.693713817768876209e-06
9.310344827586206407e+00 1.706896551724138078e+01 -4.582880747669964445e-06
9.310344827586206407e+00 1.862068965517241281e+01 -3.691042198027412820e-06
9.310344827586206407e+00 2.017241379310344840e+01 -2.989100765233094170e-06
9.310344827586206407e+00 2.172413793103448398e+01 -2.439952719794093862e-06
9.310344827586206407e+00 2.327586206896551602e+01 -2.009189976448986145e-06
9.310344827586206407e+00 2.482758620689655160e+01 -1.668930206912611835e-06
9.310344827586206407e+00 2.637931034482758719e+01 -1.397737206667798708e-06
9.310344827586206407e+00 2.793103448275861922e+01 -1.179612476735610681e-06
9.310344827586206407e+00 2.948275862068965480e+01 -1.002629509594386886e-06
9.310344827586206407e+00 3.103448275862069039e+01 -8.578338479896291751e-07
9.310344827586206407e+00 3.258620689655172242e+01 -7.384397251468443798e-07
9.310344827586206407e+00 3.413793103448276156e+01 -6.392506793914079806e-07
9.310344827586206407e+00 3.568965517241379359e+01 -5.562952982194322115e-07
9.310344827586206407e+00 3.724137931034482563e+01 -4.864642232266505013e-07
9.310344827586206407e+00 3.879310344827586476e+01 -4.273249177401457934e-07
9.310344827586206407e+00 4.034482758620689680e+01 -3.769666610689390365e-07
9.310344827586206407e+00 4.189655172413792883e+01 -3.338455056268341742e-07
9.310344827586206407e+00 4.344827586206896797e+01 -2.967482651188003544e-07
9.310344827586206407e+00 4.500000000000000000e+01 -2.646523916494839746e-07
1.086206896551724199e+01 0.000000000000000000e+00 3.024212030921846462e-21
1.086206896551724199e+01 1.551724137931034475e+00 -3.519186919530197517e-06
1.086206896551724199e+01 3.103448275862068950e+00 -6.589979753696068955e-06
1.086206896551724199e+01 4.655172413793103203e+00 -8.860223131925879479e-06
1.086206896551724199e+01 6.206896551724137900e+00 -1.014863110068317386e-05
1.086206896551724199e+01 7.758620689655172598e+00 -1.047243717800044625e-05
1.086206896551724199e+01 9.310344827586206407e+00 -1.001471187592136771e-05
1.086206896551724199e+01 1.086206896551724199e+01 -9.046037565666687012e-06
1.086206896551724199e+01 1.241379310344827580e+01 -7.838141129714131764e-06
1.086206896551724199e+01 1.396551724137930961e+01 -6.602831799731553094e-06
1.086206896551724199e+01 1.551724137931034520e+01 -5.470370360472899570e-06
1.086206896551724199e+01 1.706896551724138078e+01 -4.498607685544808455e-06
1.086206896551724199e+01 1.862068965517241281e+01 -3.696528939777971535e-06
1.086206896551724199e+01 2.017241379310344840e+01 -3.047680976603220103e-06
1.086206896551724199e+01 2.172413793103448398e+01 -2.526778967776237229e-06
1.086206896551724199e+01 2.327586206896551602e+01 -2.108566673485103117e-06
1.086206896551724199e+01 2.482758620689655160e+01 -1.771457214801414837e-06
1.086206896551724199e+01 2.637931034482758719e+01 -1.498019779249800348e-06
1.086206896551724199e+01 2.793103448275861922e+01 -1.274780283309442951e-06
1.086206896551724199e+01 2.948275862068965480e+01 -1.091297970450879323e-06
1.086206896551724199e+01 3.103448275862069039e+01 -9.395276177448374504e-07
1.086206896551724199e+01 3.258620689655172242e+01 -8.131592853730660372e-07
1.086206896551724199e+01 3.413793103448276156e+01 -7.072974738144563040e-07
1.086206896551724199e+01 3.568965517241379359e+01 -6.180974236225409780e-07
1.086206896551724199e+01 3.724137931034482563e+01 -5.425232660069298998e-07
1.086206896551724199e+01 3.879310344827586476e+01 -4.781572207665028403e-07
1.086206896551724199e+01 4.034482758620689680e+01 -4.230315055641617452e-07
1.086206896551724199e+01 4.189655172413792883e+01 -3.756394231663117085e-07
1.086206896551724199e+01 4.344827586206896797e+01 -3.346770500479654864e-07
1.086206896551724199e+01 4.500000000000000000e+01 -2.991518916653074871e-07
1.241379310344827580e+01 0.000000000000000000e+00 1.414607378670820475e-21
1.241379310344827580e+01 1.551724137931034475e+00 -2.898647585857721451e-06
1.241379310344827580e+01 3.103448275862068950e+00 -5.437536844195090598e-06
1.241379310344827580e+01 4.655172413793103203e+00 -7.338282670327904805e-06
1.241379310344827580e+01 6.206896551724137900e+00 -8.461130287600523111e-06
1.241379310344827580e+01 7.758620689655172598e+00 -8.820236655687368444e-06
1.241379310344827580e+01 9.310344827586206407e+00 -8.553725290297414436e-06
1.241379310344827580e+01 1.086206896551724199e+01 -7.864227996823479013e-06
1.241379310344827580e+01 1.241379310344827580e+01 -6.956499345287363413e-06
1.241379310344827580e+01 1.396551724137930961e+01 -5.993907582319867685e-06
1.241379310344827580e+01 1.551724137931034520e+01 -5.081980429990580312e-06
1.241379310344827580e+01 1.706896551724138078e+01 -4.273710091723180343e-06
1.241379310344827580e+01 1.862068965517241281e+01 -3.584928046016319426e-06
1.241379310344827580e+01 2.017241379310344840e+01 -3.010541155964930316e-06
1.241379310344827580e+01 2.172413793103448398e+01 -2.536294362237328735e-06
1.241379310344827580e+01 2.327586206896551602e+01 -2.145959864368136152e-06
1.241379310344827580e+01 2.482758620689655160e+01 -1.824325561841896456e-06
1.241379310344827580e+01 2.637931034482758719e+01 -1.558579623281602754e-06
1.241379310344827580e+01 2.793103448275861922e+01 -1.338095325013654204e-06
1.241379310344827580e+01 2.948275862068965480e+01 -1.154335536197297113e-06
1.241379310344827580e+01 3.103448275862069039e+01 -1.000488518359172309e-06
1.241379310344827580e+01 3.258620689655172242e+01 -8.710263897532688504e-07
1.241379310344827580e+01 3.413793103448276156e+01 -7.615832843009604103e-07
1.241379310344827580e+01 3.568965517241379359e+01 -6.686024017329968677e-07
1.241379310344827580e+01 3.724137931034482563e+01 -5.892644419110901182e-07
1.241379310344827580e+01 3.879310344827586476e+01 -5.212450032839826889e-07
1.241379310344827580e+01 4.034482758620689680e+01 -4.626860802107169062e-07
1.241379310344827580e+01 4.189655172413792883e+01 -4.120540529061637036e-07
1.241379310344827580e+01 4.344827586206896797e+01 -3.680873095693895646e-07
1.241379310344827580e+01 4.500000000000000000e+01 -3.297943716903978320e-07
1.396551724137930961e+01 0.000000000000000000e+00 1.260611111494596966e-21
1.396551724137930961e+01 1.551724137931034475e+00 -2.287935754853880403e-06
1.396551724137930961e+01 3.103448275862068950e+00 -4.307362861252682105e-06
1.396551724137930961e+01 4.655172413793103203e+00 -5.850483451143648675e-06
1.396551724137930961e+01 6.206896551724137900e+00 -6.811368663999997839e-06
1.396551724137930961e+01 7.758620689655172598e+00 -7.195253843464404365e-06
1.396551724137930961e+01 9.310344827586206407e+00 -7.096309780099527685e-06
1.396551724137930961e+01 1.086206896551724199e+01 -6.656046089791366043e-06
1.396551724137930961e+01 1.241379310344827580e+01 -6.020698324509163437e-06
1.396551724137930961e+01 1.396551724137930961e+01 -5.311043268470976887e-06
1.396551724137930961e+01 1.551724137931034520e+01 -4.610010651553368005e-06
1.396551724137930961e+01 1.706896551724138078e+01 -3.964419460442765694e-06
1.396551724137930961e+01 1.862068965517241281e+01 -3.394319850547941016e-06
1.396551724137930961e+01 2.017241379310344840e+01 -2.902967730242953221e-06
1.396551724137930961e+01 2.172413793103448398e+01 -2.485110101522975339e-06
1.396551724137930961e+01 2.327586206896551602e+01 -2.132125140037493087e-06
1.396551724137930961e+01 2.482758620689655160e+01 -1.834594554413828873e-06
1.396551724137930961e+01 2.637931034482758719e+01 -1.583909234865841129e-06
1.396551724137930961e+01 2.793103448275861922e+01 -1.372365793435785837e-06
1.396551724137930961e+01 2.948275862068965480e+01 -1.193458757225855074e-06
1.396551724137930961e+01 3.103448275862069039e+01 -1.041751943209691663e-06
1.396551724137930961e+01 3.258620689655172242e+01 -9.126286775108505521e-07
1.396551724137930961e+01 3.413793103448276156e+01 -8.023844057179050048e-07
1.396551724137930961e+01 3.568965517241379359e+01 -7.079098126743817423e-07
1.396551724137930961e+01 3.724137931034482563e+01 -6.266417231828745274e-07
1.396551724137930961e+01 3.879310344827586476e+01 -5.564901083708591850e-07
1.396551724137930961e+01 4.034482758620689680e+01 -4.957138843151551687e-07
1.396551724137930961e+01 4.189655172413792883e+01 -4.428902531794772109e-07
1.396551724137930961e+01 4.344827586206896797e+01 -3.967806066528201622e-07
1.396551724137930961e+01 4.500000000000000000e+01 -3.564363454938547351e-07
1.551724137931034520e+01 0.000000000000000000e+00 2.992588147288412088e-22
1.551724137931034520e+01 1.551724137931034475e+00 -1.760114969083530024e-06
1.551724137931034520e+01 3.103448275862068950e+00 -3.329701419021445845e-06
1.551724137931034520e+01 4.655172413793103203e+00 -4.559898650484240406e-06
1.551724137931034520e+01 6.206896551724137900e+00 -5.371507087024610677e-06
1.551724137931034520e+01 7.758620689655172598e+00 -5.761422986570321434e-06
1.551724137931034520e+01 9.310344827586206407e+00 -5.788031883147900459e-06
1.551724137931034520e+01 1.086206896551724199e+01 -5.544452532442231025e-06
1.551724137931034520e+01 1.241379310344827580e+01 -5.130554699000629927e-06
1.551724137931034520e+01 1.396551724137930961e+01 -4.632700165195903674e-06
1.551724137931034520e+01 1.551724137931034520e+01 -4.114309732534603873e-06
1.551724137931034520e+01 1.706896551724138078e+01 -3.615326225739642807e-06
1.551724137931034520e+01 1.862068965517241281e+01 -3.157108089570388845e-06
1.551724137931034520e+01 2.017241379310344840e+01 -2.748194278219610233e-06
1.551724137931034520e+01 2.172413793103448398e+01 -2.389602118215773402e-06
1.551724137931034520e+01 2.327586206896551602e+01 -2.078503582172655127e-06
1.551724137931034520e+01 2.482758620689655160e+01 -1.810146109213432305e-06
1.551724137931034520e+01 2.637931034482758719e+01 -1.579407313083000361e-06
1.551724137931034520e+01 2.793103448275861922e+01 -1.381311239670342953e-06
1.551724137931034520e+01 2.948275862068965480e+01 -1.211172338290328348e-06
1.551724137931034520e+01 3.103448275862069039e+01 -1.064934257995924642e-06
1.551724137931034520e+01 3.258620689655172242e+01 -9.390333471337513496e-07
1.551724137931034520e+01 3.413793103448276156e+01 -8.304052682453631800e-07
1.551724137931034520e+01 3.568965517241379359e+01 -7.364272078124351094e-07
1.551724137931034520e+01 3.724137931034482563e+01 -6.549190838334688259e-07
1.551724137931034520e+01 3.879310344827586476e+01 -5.840468259875179830e-07
1.551724137931034520e+01 4.034482758620689680e+01 -5.222217081521791326e-07
1.551724137931034520e+01 4.189655172413792883e+01 -4.681335288193920751e-07
1.551724137931034520e+01 4.344827586206896797e+01 -4.207061518254592039e-07
1.551724137931034520e+01 4.500000000000000000e+01 -3.789646246758581152e-07
1.706896551724138078e+01 0.000000000000000000e+00 4.056076005693717304e-22
1.706896551724138078e+01 1.551724137931034475e+00 -1.339384460215555061e-06
1.706896551724138078e+01 3.103448275862068950e+00 -2.547786793187508358e-06
1.706896551724138078e+01 4.655172413793103203e+00 -3.521236635796200244e-06
1.706896551724138078e+01 6.206896551724137900e+00 -4.201091916394914926e-06
1.706896551724138078e+01 7.758620689655172598e+00 -4.578749694072702476e-06
1.706896551724138078e+01 9.310344827586206407e+00 -4.687184049853430419e-06
1.706896551724138078e+01 1.086206896551724199e+01 -4.584561555879101292e-06
1.706896551724138078e+01 1.241379310344827580e+01 -4.336743157640254501e-06
1.706896551724138078e+01 1.396551724137930961e+01 -4.003851981641271798e-06
1.706896551724138078e+01 1.551724137931034520e+01 -3.633231194400991406e-06
1.706896551724138078e+01 1.706896551724138078e+01 -3.257894197325388755e-06
1.706896551724138078e+01 1.862068965517241281e+01 -2.898250494964064148e-06
1.706896551724138078e+01 2.017241379310344840e+01 -2.565481537772263745e-06
1.706896551724138078e+01 2.172413793103448398e+01 -2.264378849999418950e-06
1.706896551724138078e+01 2.327586206896551602e+01 -1.995910728711678542e-06
1.706896551724138078e+01 2.482758620689655160e+01 -1.758883792505314315e-06
1.706896551724138078e+01 2.637931034482758719e+01 -1.550867603734306365e-06
1.706896551724138078e+01 2.793103448275861922e+01 -1.369026107146808899e-06
1.706896551724138078e+01 2.948275862068965480e+01 -1.210442850466129106e-06
1.706896551724138078e+01 3.103448275862069039e+01 -1.072220987692573825e-06
1.706896551724138078e+01 3.258620689655172242e+01 -9.517487629871452115e-07
1.706896551724138078e+01 3.413793103448276156e+01 -8.466827599581395407e-07
1.706896551724138078e+01 3.568965517241379359e+01 -7.548700631022997682e-07
1.706896551724138078e+01 3.724137931034482563e+01 -6.745747602760709008e-07
1.706896551724138078e+01 3.879310344827586476e+01 -6.041896845532552703e-07
1.706896551724138078e+01 4.034482758620689680e+01 -5.423639226142086637e-07
1.706896551724138078e+01 4.189655172413792883e+01 -4.879297168257874860e-07
1.706896551724138078e+01 4.344827586206896797e+01 -4.399232700109593768e-07
1.706896551724138078e+01 4.500000000000000000e+01 -3.974514384744047611e-07
1.862068965517241281e+01 0.000000000000000000e+00 6.136350489987085397e-22
1.862068965517241281e+01 1.551724137931034475e+00 -1.020104103764004809e-06
1.862068965517241281e+01 3.103448275862068950e+00 -1.951493814900258041e-06
1.862068965517241281e+01 4.655172413793103203e+00 -2.722361599987178899e-06
1.862068965517241281e+01 6.206896551724137900e+00 -3.289479447191897959e-06
1.862068965517241281e+01 7.758620689655172598e+00 -3.641760434147040532e-06
1.862068965517241281e+01 9.310344827586206407e+00 -3.795775536280565607e-06
1.862068965517241281e+01 1.086206896551724199e+01 -3.786275624372445206e-06
1.862068965517241281e+01 1.241379310344827580e+01 -3.655454637406188792e-06
1.862068965517241281e+01 1.396551724137930961e+01 -3.444463923443186601e-06
1.862068965517241281e+01 1.551724137931034520e+01 -3.187944205874219056e-06
1.862068965517241281e+01 1.706896551724138078e+01 -2.912228240417117769e-06
1.862068965517241281e+01 1.862068965517241281e+01 -2.635604790118491043e-06
1.862068965517241281e+01 2.017241379310344840e+01 -2.369741081722870828e-06
1.862068965517241281e+01 2.172413793103448398e+01 -2.121409353054350370e-06
1.862068965517241281e+01 2.327586206896551602e+01 -1.893832387891000775e-06
1.862068965517241281e+01 2.482758620689655160e+01 -1.688060088843599331e-06
1.862068965517241281e+01 2.637931034482758719e+01 -1.503763646243043562e-06
1.862068965517241281e+01 2.793103448275861922e+01 -1.339746571033680271e-06
1.862068965517241281e+01 2.948275862068965480e+01 -1.194372881025947520e-06
1.862068965517241281e+01 3.103448275862069039e+01 -1.065883934545394763e-06
1.862068965517241281e+01 3.258620689655172242e+01 -9.524692089303462516e-07
1.862068965517241281e+01 3.413793103448276156e+01 -8.524482645382122943e-07
1.862068965517241281e+01 3.568965517241379359e+01 -7.641903072520637878e-07
1.862068965517241281e+01 3.724137931034482563e+01 -6.862879413641329874e-07
1.862068965517241281e+01 3.879310344827586476e+01 -6.174186554046647203e-07
1.862068965517241281e+01 4.034482758620689680e+01 -5.565191478014509139e-07
1.862068965517241281e+01 4.189655172413792883e+01 -5.025247730684553288e-07
1.862068965517241281e+01 4.344827586206896797e+01 -4.545823224606195248e-07
1.862068965517241281e+01 4.500000000000000000e+01 -4.119916982461934519e-07
2.017241379310344840e+01 0.000000000000000000e+00 3.701085504156505608e-22
2.017241379310344840e+01 1.551724137931034475e+00 -7.839398916963036384e-07
2.017241379310344840e+01 3.103448275862068950e+00 -1.507855562950570812e-06
2.017241379310344840e+01 4.655172413793103203e+00 -2.122115233593247972e-06
2.017241379310344840e+01 6.206896551724137900e+00 -2.594842597936588005e-06
2.017241379310344840e+01 7.758620689655172598e+00 -2.914607796461398245e-06
2.017241379310344840e+01 9.310344827586206407e+00 -3.088270787162233651e-06
2.017241379310344840e+01 1.086206896551724199e+01 -3.135662613183289153e-06
2.017241379310344840e+01 1.241379310344827580e+01 -3.083390458820630822e-06
2.017241379310344840e+01 1.396551724137930961e+01 -2.959050463690516667e-06
2.017241379310344840e+01 1.551724137931034520e+01 -2.787679782470625205e-06
2.017241379310344840e+01 1.706896551724138078e+01 -2.589758757795166117e-06
2.017241379310344840e+01 1.862068965517241281e+01 -2.380814444702465621e-06
2.017241379310344840e+01 2.017241379310344840e+01 -2.171823316112225499e-06
2.017241379310344840e+01 2.172413793103448398e+01 -1.970067652969590956e-06
2.017241379310344840e+01 2.327586206896551602e+01 -1.780034224353283422e-06
2.017241379310344840e+01 2.482758620689655160e+01 -1.604076809595605265e-06
2.017241379310344840e+01 2.637931034482758719e+01 -1.443164329567752096e-06
2.017241379310344840e+01 2.793103448275861922e+01 -1.297357498111027009e-06
2.017241379310344840e+01 2.948275862068965480e+01 -1.166016382001983817e-06
2.017241379310344840e+01 3.103448275862069039e+01 -1.048256402751856106e-06
2.017241379310344840e+01 3.258620689655172242e+01 -9.430102544198882542e-07
2.017241379310344840e+01 3.413793103448276156e+01 -8.490949617687392417e-07
2.017241379310344840e+01 3.568965517241379359e+01 -7.653784416693958954e-07
2.017241379310344840e+01 3.724137931034482563e+01 -6.907988234436429133e-07
2.017241379310344840e+01 3.879310344827586476e+01 -6.243439222263967433e-07
2.017241379310344840e+01 4.034482758620689680e+01 -5.650950506499915256e-07
2.017241379310344840e+01 4.189655172413792883e+01 -5.122041644433497612e-07
2.017241379310344840e+01 4.344827586206896797e+01 -4.649735426697367204e-07
2.017241379310344840e+01 4.500000000000000000e+01 -4.227095436130227194e-07
2.172413793103448398e+01 0.000000000000000000e+00 4.133739236535071403e-22
2.172413793103448398e+01 1.551724137931034475e+00 -6.106348243099771450e-07
2.172413793103448398e+01 3.103448275862068950e+00 -1.180273613246943824e-06
2.172413793103448398e+01 4.655172413793103203e+00 -1.674286823183765871e-06
2.172413793103448398e+01 6.206896551724137900e+00 -2.069065640011776826e-06
2.172413793103448398e+01 7.758620689655172598e+00 -2.354050409331656214e-06
2.172413793103448398e+01 9.310344827586206407e+00 -2.530738969734300890e-06
2.172413793103448398e+01 1.086206896551724199e+01 -2.609987821120496125e-06
2.172413793103448398e+01 1.241379310344827580e+01 -2.608169688829524374e-06
2.172413793103448398e+01 1.396551724137930961e+01 -2.543709959647661841e-06
2.172413793103448398e+01 1.551724137931034520e+01 -2.434430186568128246e-06
2.172413793103448398e+01 1.706896551724138078e+01 -2.295971704890086757e-06
2.172413793103448398e+01 1.862068965517241281e+01 -2.140892735400636972e-06
2.172413793103448398e+01 2.017241379310344840e+01 -1.978997916115530725e-06
2.172413793103448398e+01 2.172413793103448398e+01 -1.817345074127241689e-06
2.172413793103448398e+01 2.327586206896551602e+01 -1.660691099924920849e-06
2.172413793103448398e+01 2.482758620689655160e+01 -1.512144193524288833e-06
2.172413793103448398e+01 2.637931034482758719e+01 -1.373469806024170311e-06
2.172413793103448398e+01 2.793103448275861922e+01 -1.245419901462074104e-06
2.172413793103448398e+01 2.948275862068965480e+01 -1.128230747048959452e-06
2.172413793103448398e+01 3.103448275862069039e+01 -1.021650478691736901e-06
2.172413793103448398e+01 3.258620689655172242e+01 -9.251627783777353216e-07
2.172413793103448398e+01 3.413793103448276156e+01 -8.380544050744068232e-07
2.172413793103448398e+01 3.568965517241379359e+01 -7.596039794593826348e-07
2.172413793103448398e+01 3.724137931034482563e+01 -6.890477917325893992e-07
2.172413793103448398e+01 3.879310344827586476e+01 -6.256054624069236319e-07
2.172413793103448398e+01 4.034482758620689680e+01 -5.685919998067205680e-07
2.172413793103448398e+01 4.189655172413792883e+01 -5.174043825834402395e-07
2.172413793103448398e+01 4.344827586206896797e+01 -4.713498502382233385e-07
2.172413793103448398e+01 4.500000000000000000e+01 -4.299103545899266608e-07
2.327586206896551602e+01 0.000000000000000000e+00 1.862014105265376905e-22
2.327586206896551602e+01 1.551724137931034475e+00 -4.829020613933324825e-07
2.327586206896551602e+01 3.103448275862068950e+00 -9.373481320056213467e-07
2.327586206896551602e+01 4.655172413793103203e+00 -1.338820931915776456e-06
2.327586206896551602e+01 6.206896551724137900e+00 -1.669738613521589620e-06
2.327586206896551602e+01 7.758620689655172598e+00 -1.920836589840384958e-06
2.327586206896551602e+01 9.310344827586206407e+00 -2.091006220242646650e-06
2.327586206896551602e+01 1.086206896551724199e+01 -2.185751423925167893e-06
2.327586206896551602e+01 1.241379310344827580e+01 -2.215010599059624325e-06
2.327586206896551602e+01 1.396551724137930961e+01 -2.190955834944151576e-06
2.327586206896551602e+01 1.551724137931034520e+01 -2.126157976908140119e-06
2.327586206896551602e+01 1.706896551724138078e+01 -2.032338153631999468e-06
2.327586206896551602e+01 1.862068965517241281e+01 -1.919535658750899334e-06
2.327586206896551602e+01 2.017241379310344840e+01 -1.796000780638394451e-06
2.327586206896551602e+01 2.172413793103448398e+01 -1.668078997210153433e-06
2.327586206896551602e+01 2.327586206896551602e+01 -1.540461573969154723e-06
2.327586206896551602e+01 2.482758620689655160e+01 -1.416453536355267347e-06
2.327586206896551602e+01 2.637931034482758719e+01 -1.298165462591703745e-06
2.327586206896551602e+01 2.793103448275861922e+01 -1.186997072863824523e-06
2.327586206896551602e+01 2.948275862068965480e+01 -1.083560692318194086e-06
2.327586206896551602e+01 3.103448275862069039e+01 -9.881436048046206346e-07
2.327586206896551602e+01 3.258620689655172242e+01 -9.005890237485070236e-07
2.327586206896551602e+01 3.413793103448276156e+01 -8.206630778439532771e-07
2.327586206896551602e+01 3.568965517241379359e+01 -7.478728329822811220e-07
2.327586206896551602e+01 3.724137931034482563e+01 -6.817905608525288534e-07
2.327586206896551602e+01 3.879310344827586476e+01 -6.218772927600223656e-07
2.327586206896551602e+01 4.034482758620689680e+01 -5.676251317728688345e-07
2.327586206896551602e+01 4.189655172413792883e+01 -5.185151452449945171e-07
2.327586206896551602e+01 4.344827586206896797e+01 -4.740395880943047467e-07
2.327586206896551602e+01 4.500000000000000000e+01 -4.337993699499179306e-07
2.482758620689655160e+01 0.000000000000000000e+00 3.196729631089841680e-22
2.482758620689655160e+01 1.551724137931034475e+00 -3.876403763621310791e-07
2.482758620689655160e+01 3.103448275862068950e+00 -7.551479272155049612e-07
2.482758620689655160e+01 4.655172413793103203e+00 -1.084873587534828449e-06
2.482758620689655160e+01 6.206896551724137900e+00 -1.363566092069421323e-06
2.482758620689655160e+01 7.758620689655172598e+00 -1.583457288602357556e-06
2.482758620689655160e+01 9.310344827586206407e+00 -1.742226301715416765e-06
2.482758620689655160e+01 1.086206896551724199e+01 -1.842370779943596523e-06
2.482758620689655160e+01 1.241379310344827580e+01 -1.889730218247039295e-06
2.482758620689655160e+01 1.396551724137930961e+01 -1.892327600207169893e-06
2.482758620689655160e+01 1.551724137931034520e+01 -1.858980170912614866e-06
2.482758620689655160e+01 1.706896551724138078e+01 -1.798287852696800412e-06
2.482758620689655160e+01 1.862068965517241281e+01 -1.718214201718230865e-06
2.482758620689655160e+01 2.017241379310344840e+01 -1.625429588752044030e-06
2.482758620689655160e+01 2.172413793103448398e+01 -1.525450120966179940e-06
2.482758620689655160e+01 2.327586206896551602e+01 -1.422627147507784024e-06
2.482758620689655160e+01 2.482758620689655160e+01 -1.320130644775887960e-06
2.482758620689655160e+01 2.637931034482758719e+01 -1.220278397713352594e-06
2.482758620689655160e+01 2.793103448275861922e+01 -1.124628234009064449e-06
2.482758620689655160e+01 2.948275862068965480e+01 -1.034208537397692062e-06
2.482758620689655160e+01 3.103448275862069039e+01 -9.495507748128868567e-07
2.482758620689655160e+01 3.258620689655172242e+01 -8.708727382119693546e-07
2.482758620689655160e+01 3.413793103448276156e+01 -7.981789443543489265e-07
2.482758620689655160e+01 3.568965517241379359e+01 -7.313047962153949966e-07
2.482758620689655160e+01 3.724137931034482563e+01 -6.700076151923968963e-07
2.482758620689655160e+01 3.879310344827586476e+01 -6.139158491516676660e-07
2.482758620689655160e+01 4.034482758620689680e+01 -5.627060751523599890e-07
2.482758620689655160e+01 4.189655172413792883e+01 -5.160098158470801067e-07
2.482758620689655160e+01 4.344827586206896797e+01 -4.734864142633533977e-07
2.482758620689655160e+01 4.500000000000000000e+01 -4.347101273054042840e-07
2.637931034482758719e+01 0.000000000000000000e+00 2.408463622390137761e-22
2.637931034482758719e+01 1.551724137931034475e+00 -3.155079376753573468e-07
2.637931034482758719e+01 3.103448275862068950e+00 -6.164938135143464085e-07
2.637931034482758719e+01 4.655172413793103203e+00 -8.900144663336583624e-07
2.637931034482758719e+01 6.206896551724137900e+00 -1.125988022944874422e-06
2.637931034482758719e+01 7.758620689655172598e+00 -1.318035059080924825e-06
2.637931034482758719e+01 9.310344827586206407e+00 -1.463440879405508758e-06
2.637931034482758719e+01 1.086206896551724199e+01 -1.562941508034636986e-06
2.637931034482758719e+01 1.241379310344827580e+01 -1.619964291737014918e-06
2.637931034482758719e+01 1.396551724137930961e+01 -1.639679949823763208e-06
2.637931034482758719e+01 1.551724137931034520e+01 -1.628209335587531291e-06
2.637931034482758719e+01 1.706896551724138078e+01 -1.591934574350963030e-06
2.637931034482758719e+01 1.862068965517241281e+01 -1.536893143311916983e-06
2.637931034482758719e+01 2.017241379310344840e+01 -1.468479005301679435e-06
2.637931034482758719e+01 2.172413793103448398e+01 -1.391414685029286526e-06
2.637931034482758719e+01 2.327586206896551602e+01 -1.309429171347377903e-06
2.637931034482758719e+01 2.482758620689655160e+01 -1.225512525119347334e-06
2.637931034482758719e+01 2.637931034482758719e+01 -1.141952745446308896e-06
2.637931034482758719e+01 2.793103448275861922e+01 -1.060388846133042860e-06
2.637931034482758719e+01 2.948275862068965480e+01 -9.819988127081746115e-07
2.637931034482758719e+01 3.103448275862069039e+01 -9.075166830994135580e-07
2.637931034482758719e+01 3.258620689655172242e+01 -8.374020916393877791e-07
2.637931034482758719e+01 3.413793103448276156e+01 -7.718231793464146407e-07
2.637931034482758719e+01 3.568965517241379359e+01 -7.108565047220811066e-07
2.637931034482758719e+01 3.724137931034482563e+01 -6.544227975136982065e-07
2.637931034482758719e+01 3.879310344827586476e+01 -6.023479789287061019e-07
2.637931034482758719e+01 4.034482758620689680e+01 -5.544062580041628271e-07
2.637931034482758719e+01 4.189655172413792883e+01 -5.103807424021922469e-07
2.637931034482758719e+01 4.344827586206896797e+01 -4.699701775424035556e-07
2.637931034482758719e+01 4.500000000000000000e+01 -4.329419641777170299e-07
2.793103448275861922e+01 0.000000000000000000e+00 1.540155116411552145e-22
2.793103448275861922e+01 1.551724137931034475e+00 -2.600130057925090711e-07
2.793103448275861922e+01 3.103448275862068950e+00 -5.093375012838384321e-07
2.793103448275861922e+01 4.655172413793103203e+00 -7.383440280934588952e-07
2.793103448275861922e+01 6.206896551724137900e+00 -9.393085287376933474e-07
2.793103448275861922e+01 7.758620689655172598e+00 -1.106961867683942051e-06
2.793103448275861922e+01 9.310344827586206407e+00 -1.238638800504134125e-06
2.793103448275861922e+01 1.086206896551724199e+01 -1.334150996472962001e-06
2.793103448275861922e+01 1.241379310344827580e+01 -1.395410929213197724e-06
2.793103448275861922e+01 1.396551724137930961e+01 -1.425705522181463979e-06
2.793103448275861922e+01 1.551724137931034520e+01 -1.429251896477048333e-06
2.793103448275861922e+01 1.706896551724138078e+01 -1.410704575885058452e-06
2.793103448275861922e+01 1.862068965517241281e+01 -1.374680567634957990e-06
2.793103448275861922e+01 2.017241379310344840e+01 -1.325464123508753014e-06
2.793103448275861922e+01 2.172413793103448398e+01 -1.266940126989321534e-06
2.793103448275861922e+01 2.327586206896551602e+01 -1.202272894783175604e-06
2.793103448275861922e+01 2.482758620689655160e+01 -1.134247969596442829e-06
2.793103448275861922e+01 2.637931034482758719e+01 -1.064877788322283821e-06
2.793103448275861922e+01 2.793103448275861922e+01 -9.958728731048332734e-07
2.793103448275861922e+01 2.948275862068965480e+01 -9.284066222724678031e-07
2.793103448275861922e+01 3.103448275862069039e+01 -8.633728469346365177e-07
2.793103448275861922e+01 3.258620689655172242e+01 -8.013184596555928073e-07
2.793103448275861922e+01 3.413793103448276156e+01 -7.426136285626493468e-07
2.793103448275861922e+01 3.568965517241379359e+01 -6.874284319304969085e-07
2.793103448275861922e+01 3.724137931034482563e+01 -6.358701451241606690e-07
2.793103448275861922e+01 3.879310344827586476e+01 -5.878430911033923795e-07
2.793103448275861922e+01 4.034482758620689680e+01 -5.432916552426325459e-07
2.793103448275861922e+01 4.189655172413792883e+01 -5.020479245681486322e-07
2.793103448275861922e+01 4.344827586206896797e+01 -4.639506885999495484e-07
2.793103448275861922e+01 4.500000000000000000e+01 -4.288071733520886222e-07
2.948275862068965480e+01 0.000000000000000000e+00 1.205322603659273879e-22
2.948275862068965480e+01 1.551724137931034475e+00 -2.166536537286590482e-07
2.948275862068965480e+01 3.103448275862068950e+00 -4.253145342615831740e-07
2.948275862068965480e+01 4.655172413793103203e+00 -6.186914274992505678e-07
2.948275862068965480e+01 6.206896551724137900e+00 -7.907856324698513858e-07
2.948275862068965480e+01 7.758620689655172598e+00 -9.373193201173292038e-07
2.948275862068965480e+01 9.310344827586206407e+00 -1.055830490078062956e-06
2.948275862068965480e+01 1.086206896551724199e+01 -1.145636136462988731e-06
2.948275862068965480e+01 1.241379310344827580e+01 -1.207713470829939234e-06
2.948275862068965480e+01 1.396551724137930961e+01 -1.244094041564442387e-06
2.948275862068965480e+01 1.551724137931034520e+01 -1.257709097942507653e-06
2.948275862068965480e+01 1.706896551724138078e+01 -1.251937226938029242e-06
2.948275862068965480e+01 1.862068965517241281e+01 -1.230254468194637692e-06
2.948275862068965480e+01 2.017241379310344840e+01 -1.196038700389663588e-06
2.948275862068965480e+01 2.172413793103448398e+01 -1.152363732453830633e-06
2.948275862068965480e+01 2.327586206896551602e+01 -1.102032080339477574e-06
2.948275862068965480e+01 2.482758620689655160e+01 -1.047374090949393439e-06
2.948275862068965480e+01 2.637931034482758719e+01 -9.902462847693424862e-07
2.948275862068965480e+01 2.793103448275861922e+01 -9.322711003307706434e-07
2.948275862068965480e+01 2.948275862068965480e+01 -8.746169699850618324e-07
2.948275862068965480e+01 3.103448275862069039e+01 -8.182065437087393327e-07
2.948275862068965480e+01 3.258620689655172242e+01 -7.636449596107636053e-07
2.948275862068965480e+01 3.413793103448276156e+01 -7.114059890226984689e-07
2.948275862068965480e+01 3.568965517241379359e+01 -6.617976666423275970e-07
2.948275862068965480e+01 3.724137931034482563e+01 -6.149898742633602742e-07
2.948275862068965480e+01 3.879310344827586476e+01 -5.709728028382368641e-07
2.948275862068965480e+01 4.034482758620689680e+01 -5.298261913487444553e-07
2.948275862068965480e+01 4.189655172413792883e+01 -4.914561144694340439e-07
2.948275862068965480e+01 4.344827586206896797e+01 -4.557337363396192019e-07
2.948275862068965480e+01 4.500000000000000000e+01 -4.225926800891234384e-07
3.103448275862069039e+01 0.000000000000000000e+00 1.982516993198565413e-23
3.103448275862069039e+01 1.551724137931034475e+00 -1.823057521708546106e-07
3.103448275862069039e+01 3.103448275862068950e+00 -3.585364745055852849e-07
3.103448275862069039e+01 4.655172413793103203e+00 -5.231039805332833182e-07
3.103448275862069039e+01 6.206896551724137900e+00 -6.712895749457994383e-07
3.103448275862069039e+01 7.758620689655172598e+00 -7.996203123318377861e-07
3.103448275862069039e+01 9.310344827586206407e+00 -9.059083817666783134e-07
3.103448275862069039e+01 1.086206896551724199e+01 -9.892796174885898480e-07
3.103448275862069039e+01 1.241379310344827580e+01 -1.050056782582949297e-06
3.103448275862069039e+01 1.396551724137930961e+01 -1.089554762160312554e-06
3.103448275862069039e+01 1.551724137931034520e+01 -1.109727754820842930e-06
3.103448275862069039e+01 1.706896551724138078e+01 -1.113034724946768475e-06
3.103448275862069039e+01 1.862068965517241281e+01 -1.102026491731409832e-06
3.103448275862069039e+01 2.017241379310344840e+01 -1.079386564281571919e-06
3.103448275862069039e+01 2.172413793103448398e+01 -1.047617247511590668e-06
3.103448275862069039e+01 2.327586206896551602e+01 -1.008986001395888942e-06
3.103448275862069039e+01 2.482758620689655160e+01 -9.654967678045948313e-07
3.103448275862069039e+01 2.637931034482758719e+01 -9.188735880092466492e-07
3.103448275862069039e+01 2.793103448275861922e+01 -8.704850444209228884e-07
3.103448275862069039e+01 2.948275862068965480e+01 -8.215515015947061071e-07
3.103448275862069039e+01 3.103448275862069039e+01 -7.728830906414969171e-07
3.103448275862069039e+01 3.258620689655172242e+01 -7.252014751073129458e-07
3.103448275862069039e+01 3.413793103448276156e+01 -6.790174760488157306e-07
3.103448275862069039e+01 3.568965517241379359e+01 -6.346519891242372314e-07
3.103448275862069039e+01 3.724137931034482563e+01 -5.923834120008466130e-07
3.103448275862069039e+01 3.879310344827586476e+01 -5.522836530344501891e-07
3.103448275862069039e+01 4.034482758620689680e+01 -5.145206996241040651e-07
3.103448275862069039e+01 4.189655172413792883e+01 -4.789811171006115201e-07
3.103448275862069039e+01 4.344827586206896797e+01 -4.457173866506282322e-07
3.103448275862069039e+01 4.500000000000000000e+01 -4.146450863987290992e-07
3.258620689655172242e+01 0.000000000000000000e+00 6.368865124779545990e-23
3.258620689655172242e+01 1.551724137931034475e+00 -1.547510730988486463e-07
3.258620689655172242e+01 3.103448275862068950e+00 -3.048179333217332545e-07
3.258620689655172242e+01 4.655172413793103203e+00 -4.458496858414223673e-07
3.258620689655172242e+01 6.206896551724137900e+00 -5.741412822244581953e-07
3.258620689655172242e+01 7.758620689655172598e+00 -6.868212674675028900e-07
3.258620689655172242e+01 9.310344827586206407e+00 -7.820124264627948323e-07
3.258620689655172242e+01 1.086206896551724199e+01 -8.587475576228183124e-07
3.258620689655172242e+01 1.241379310344827580e+01 -9.170560929426382368e-07
3.258620689655172242e+01 1.396551724137930961e+01 -9.576420074900606182e-07
3.258620689655172242e+01 1.551724137931034520e+01 -9.818521132855580032e-07
3.258620689655172242e+01 1.706896551724138078e+01 -9.914389938253737217e-07
3.258620689655172242e+01 1.862068965517241281e+01 -9.883539294234440435e-07
3.258620689655172242e+01 2.017241379310344840e+01 -9.746299981790262688e-07
3.258620689655172242e+01 2.172413793103448398e+01 -9.522845649329137107e-07
3.258620689655172242e+01 2.327586206896551602e+01 -9.231420747660389677e-07
3.258620689655172242e+01 2.482758620689655160e+01 -8.889825649745470278e-07
3.258620689655172242e+01 2.637931034482758719e+01 -8.512347332274055787e-07
3.258620689655172242e+01 2.793103448275861922e+01 -8.111527357194236510e-07
3.258620689655172242e+01 2.948275862068965480e+01 -7.698389356045919128e-07
3.258620689655172242e+01 3.103448275862069039e+01 -7.281163993714458094e-07
3.258620689655172242e+01 3.258620689655172242e+01 -6.866762331267376212e-07
3.258620689655172242e+01 3.413793103448276156e+01 -6.460198900307667597e-07
3.258620689655172242e+01 3.568965517241379359e+01 -6.065713393226387121e-07
3.258620689655172242e+01 3.724137931034482563e+01 -5.685840349508184603e-07
3.258620689655172242e+01 3.879310344827586476e+01 -5.322667637643226133e-07
3.258620689655172242e+01 4.034482758620689680e+01 -4.977238131995786447e-07
3.258620689655172242e+01 4.189655172413792883e+01 -4.650342337095869012e-07
3.258620689655172242e+01 4.344827586206896797e+01 -4.341923660685337587e-07
3.258620689655172242e+01 4.500000000000000000e+01 -4.051944361185074683e-07
3.413793103448276156e+01 0.000000000000000000e+00 8.073898075999985000e-23
3.413793103448276156e+01 1.551724137931034475e+00 -1.323886416441851296e-07
3.413793103448276156e+01 3.103448275862068950e+00 -2.611205673767854975e-07
3.413793103448276156e+01 4.655172413793103203e+00 -3.827785995672769606e-07
3.413793103448276156e+01 6.206896551724137900e+00 -4.943977713899439464e-07
3.413793103448276156e+01 7.758620689655172598e+00 -5.936242177932430616e-07
3.413793103448276156e+01 9.310344827586206407e+00 -6.788419799346086247e-07
3.413793103448276156e+01 1.086206896551724199e+01 -7.491308948488993834e-07
3.413793103448276156e+01 1.241379310344827580e+01 -8.042620516667639596e-07
3.413793103448276156e+01 1.396551724137930961e+01 -8.446290100725162067e-07
3.413793103448276156e+01 1.551724137931034520e+01 -8.711262718700491800e-07
3.413793103448276156e+01 1.706896551724138078e+01 -8.849792646555995351e-07
3.413793103448276156e+01 1.862068965517241281e+01 -8.876510637742706223e-07
3.413793103448276156e+01 2.017241379310344840e+01 -8.807337893329565343e-07
3.413793103448276156e+01 2.172413793103448398e+01 -8.657865459167998081e-07
3.413793103448276156e+01 2.327586206896551602e+01 -8.443559949922829497e-07
3.413793103448276156e+01 2.482758620689655160e+01 -8.178549598942733747e-07
3.413793103448276156e+01 2.637931034482758719e+01 -7.875878847520642227e-07
3.413793103448276156e+01 2.793103448275861922e+01 -7.546281517748260267e-07
3.413793103448276156e+01 2.948275862068965480e+01 -7.199662670104374762e-07
3.413793103448276156e+01 3.103448275862069039e+01 -6.843977945946195697e-07
3.413793103448276156e+01 3.258620689655172242e+01 -6.485424156186107481e-07
3.413793103448276156e+01 3.413793103448276156e+01 -6.129567415341670222e-07
3.413793103448276156e+01 3.568965517241379359e+01 -5.780324456215205600e-07
3.413793103448276156e+01 3.724137931034482563e+01 -5.440778315832288295e-07
3.413793103448276156e+01 3.879310344827586476e+01 -5.112966339071451231e-07
3.413793103448276156e+01 4.034482758620689680e+01 -4.798775519366067243e-07
3.413793103448276156e+01 4.189655172413792883e+01 -4.499054929347797263e-07
3.413793103448276156e+01 4.344827586206896797e+01 -4.214508442474266847e-07
3.413793103448276156e+01 4.500000000000000000e+01 -3.945096869352631046e-07
3.568965517241379359e+01 0.000000000000000000e+00 2.521839491083152437e-23
3.568965517241379359e+01 1.551724137931034475e+00 -1.140582446205619728e-07
3.568965517241379359e+01 3.103448275862068950e+00 -2.252302143484646639e-07
3.568965517241379359e+01 4.655172413793103203e+00 -3.307952232459410522e-07
3.568965517241379359e+01 6.206896551724137900e+00 -4.283773365047529150e-07
3.568965517241379359e+01 7.758620689655172598e+00 -5.160314829843938170e-07
3.568965517241379359e+01 9.310344827586206407e+00 -5.923699133449168506e-07
3.568965517241379359e+01 1.086206896551724199e+01 -6.565146551672778818e-07
3.568965517241379359e+01 1.241379310344827580e+01 -7.081585524546227508e-07
3.568965517241379359e+01 1.396551724137930961e+01 -7.474691099091706551e-07
3.568965517241379359e+01 1.551724137931034520e+01 -7.750005753643446174e-07
3.568965517241379359e+01 1.706896551724138078e+01 -7.916255679831824441e-07
3.568965517241379359e+01 1.862068965517241281e+01 -7.984446089753625495e-07
3.568965517241379359e+01 2.017241379310344840e+01 -7.966429341804049094e-07
3.568965517241379359e+01 2.172413793103448398e+01 -7.875042710055933943e-07
3.568965517241379359e+01 2.327586206896551602e+01 -7.722441648450529042e-07
3.568965517241379359e+01 2.482758620689655160e+01 -7.520771139365976335e-07
3.568965517241379359e+01 2.637931034482758719e+01 -7.280561005082137962e-07
3.568965517241379359e+01 2.793103448275861922e+01 -7.011749446281072358e-07
3.568965517241379359e+01 2.948275862068965480e+01 -6.722817610245188684e-07
3.568965517241379359e+01 3.103448275862069039e+01 -6.420822917846123253e-07
3.568965517241379359e+01 3.258620689655172242e+01 -6.112403725857077044e-07
3.568965517241379359e+01 3.413793103448276156e+01 -5.802122323928180696e-07
3.568965517241379359e+01 3.568965517241379359e+01 -5.494064013570281081e-07
3.568965517241379359e+01 3.724137931034482563e+01 -5.191687001623050705e-07
3.568965517241379359e+01 3.879310344827586476e+01 -4.897265001384679049e-07
3.568965517241379359e+01 4.034482758620689680e+01 -4.612566311086398606e-07
3.568965517241379359e+01 4.189655172413792883e+01 -4.339174273853906149e-07
3.568965517241379359e+01 4.344827586206896797e+01 -4.077624022755078666e-07
3.568965517241379359e+01 4.500000000000000000e+01 -3.828417784496114907e-07
3.724137931034482563e+01 0.000000000000000000e+00 3.657786507613317565e-23
3.724137931034482563e+01 1.551724137931034475e+00 -9.889222055682454417e-08
3.724137931034482563e+01 3.103448275862068950e+00 -1.954787417728105071e-07
3.724137931034482563e+01 4.655172413793103203e+00 -2.875822931572500699e-07
3.724137931034482563e+01 6.206896551724137900e+00 -3.732650510889268663e-07
3.724137931034482563e+01 7.758620689655172598e+00 -4.509343203774998496e-07
3.724137931034482563e+01 9.310344827586206407e+00 -5.193760728551436860e-07
3.724137931034482563e+01 1.086206896551724199e+01 -5.778198876437963207e-07
3.724137931034482563e+01 1.241379310344827580e+01 -6.258978340803334425e-07
3.724137931034482563e+01 1.396551724137930961e+01 -6.636184949951187105e-07
3.724137931034482563e+01 1.551724137931034520e+01 -6.913341089788158252e-07
3.724137931034482563e+01 1.706896551724138078e+01 -7.096455956238948895e-07
3.724137931034482563e+01 1.862068965517241281e+01 -7.193596229927944095e-07
3.724137931034482563e+01 2.017241379310344840e+01 -7.214098331098037155e-07
3.724137931034482563e+01 2.172413793103448398e+01 -7.167483385714864215e-07
3.724137931034482563e+01 2.327586206896551602e+01 -7.064520006335143429e-07
3.724137931034482563e+01 2.482758620689655160e+01 -6.914249304581394449e-07
3.724137931034482563e+01 2.637931034482758719e+01 -6.726079092349678106e-07
3.724137931034482563e+01 2.793103448275861922e+01 -6.508824117496176202e-07
3.724137931034482563e+01 2.948275862068965480e+01 -6.269435318003475865e-07
3.724137931034482563e+01 3.103448275862069039e+01 -6.014602518888325387e-07
3.724137931034482563e+01 3.258620689655172242e+01 -5.750085019659874226e-07
3.724137931034482563e+01 3.413793103448276156e+01 -5.480888934960393692e-07
3.724137931034482563e+01 3.568965517241379359e+01 -5.210531587835197612e-07
3.724137931034482563e+01 3.724137931034482563e+01 -4.942382689782021147e-07
3.724137931034482563e+01 3.879310344827586476e+01 -4.678933009714339194e-07
3.724137931034482563e+01 4.034482758620689680e+01 -4.421897086030039899e-07
3.724137931034482563e+01 4.189655172413792883e+01 -4.173436765786200621e-07
3.724137931034482563e+01 4.344827586206896797e+01 -3.933761010192562722e-07
3.724137931034482563e+01 4.500000000000000000e+01 -3.704386605992626118e-07
3.879310344827586476e+01 0.000000000000000000e+00 1.772507661934927352e-23
3.879310344827586476e+01 1.551724137931034475e+00 -8.623323418305155284e-08
3.879310344827586476e+01 3.103448275862068950e+00 -1.706109452778556097e-07
3.879310344827586476e+01 4.655172413793103203e+00 -2.513660717622650086e-07
3.879310344827586476e+01 6.206896551724137900e+00 -3.269161275071355642e-07
3.879310344827586476e+01 7.758620689655172598e+00 -3.959372643674719151e-07
3.879310344827586476e+01 9.310344827586206407e+00 -4.573980992540647721e-07
3.879310344827586476e+01 1.086206896551724199e+01 -5.105986301630910452e-07
3.879310344827586476e+01 1.241379310344827580e+01 -5.551543465156079938e-07
3.879310344827586476e+01 1.396551724137930961e+01 -5.909768063041377374e-07
3.879310344827586476e+01 1.551724137931034520e+01 -6.182966006003352623e-07
3.879310344827586476e+01 1.706896551724138078e+01 -6.374857418444607019e-07
3.879310344827586476e+01 1.862068965517241281e+01 -6.491588944023825075e-07
3.879310344827586476e+01 2.017241379310344840e+01 -6.540358778894475114e-07
3.879310344827586476e+01 2.172413793103448398e+01 -6.528589666801357380e-07
3.879310344827586476e+01 2.327586206896551602e+01 -6.464731883660201038e-07
3.879310344827586476e+01 2.482758620689655160e+01 -6.356532741210741705e-07
3.879310344827586476e+01 2.637931034482758719e+01 -6.211633962914776646e-07
3.879310344827586476e+01 2.793103448275861922e+01 -6.037344539240534153e-07
3.879310344827586476e+01 2.948275862068965480e+01 -5.840552193692388387e-07
3.879310344827586476e+01 3.103448275862069039e+01 -5.626774414866148578e-07
3.879310344827586476e+01 3.258620689655172242e+01 -5.401155453499249619e-07
3.879310344827586476e+01 3.413793103448276156e+01 -5.168579736602516901e-07
3.879310344827586476e+01 3.568965517241379359e+01 -4.931729315141323292e-07
3.879310344827586476e+01 3.724137931034482563e+01 -4.694824766478197194e-07
3.879310344827586476e+01 3.879310344827586476e+01 -4.459912403259659491e-07
3.879310344827586476e+01 4.034482758620689680e+01 -4.228971110890689130e-07
3.879310344827586476e+01 4.189655172413792883e+01 -4.003477987946875960e-07
3.879310344827586476e+01 4.344827586206896797e+01 -3.784790478918082956e-07
3.879310344827586476e+01 4.500000000000000000e+01 -3.574108469980646596e-07
4.034482758620689680e+01 0.000000000000000000e+00 3.771366046114724465e-23
4.034482758620689680e+01 1.551724137931034475e+00 -7.558860359751025464e-08
4.034482758620689680e+01 3.103448275862068950e+00 -1.496681429941771281e-07
4.034482758620689680e+01 4.655172413793103203e+00 -2.207939747016556998e-07
4.034482758620689680e+01 6.206896551724137900e+00 -2.876688368811245880e-07
4.034482758620689680e+01 7.758620689655172598e+00 -3.491854736889814250e-07
4.034482758620689680e+01 9.310344827586206407e+00 -4.044745699152581941e-07
4.034482758620689680e+01 1.086206896551724199e+01 -4.528714990542266682e-07
4.034482758620689680e+01 1.241379310344827580e+01 -4.940396505848271186e-07
4.034482758620689680e+01 1.396551724137930961e+01 -5.278287886272017252e-07
4.034482758620689680e+01 1.551724137931034520e+01 -5.543414158641371072e-07
4.034482758620689680e+01 1.706896551724138078e+01 -5.738605994249441813e-07
4.034482758620689680e+01 1.862068965517241281e+01 -5.867936348941817947e-07
4.034482758620689680e+01 2.017241379310344840e+01 -5.936795455859606079e-07
4.034482758620689680e+01 2.172413793103448398e+01 -5.951462347726160499e-07
4.034482758620689680e+01 2.327586206896551602e+01 -5.918358766224658848e-07
4.034482758620689680e+01 2.482758620689655160e+01 -5.844162767590355733e-07
4.034482758620689680e+01 2.637931034482758719e+01 -5.734932351510221804e-07
4.034482758620689680e+01 2.793103448275861922e+01 -5.597276669680587093e-07
4.034482758620689680e+01 2.948275862068965480e+01 -5.436703024460270434e-07
4.034482758620689680e+01 3.103448275862069039e+01 -5.258342212381944029e-07
4.034482758620689680e+01 3.258620689655172242e+01 -5.066826958974207836e-07
4.034482758620689680e+01 3.413793103448276156e+01 -4.866202190794668307e-07
4.034482758620689680e+01 3.568965517241379359e+01 -4.660028975237579434e-07
4.034482758620689680e+01 3.724137931034482563e+01 -4.451452126116053622e-07
4.034482758620689680e+01 3.879310344827586476e+01 -4.242453506376540497e-07
4.034482758620689680e+01 4.034482758620689680e+01 -4.035205815858716125e-07
4.034482758620689680e+01 4.189655172413792883e+01 -3.831815239880616961e-07
4.034482758620689680e+01 4.344827586206896797e+01 -3.632935912148160481e-07
4.034482758620689680e+01 4.500000000000000000e+01 -3.439858914864247857e-07
4.189655172413792883e+01 0.000000000000000000e+00 2.894620208720692017e-23
4.189655172413792883e+01 1.551724137931034475e+00 -6.656983421213310172e-08
4.189655172413792883e+01 3.103448275862068950e+00 -1.319017587752144343e-07
4.189655172413792883e+01 4.655172413793103203e+00 -1.948121559017052356e-07
4.189655172413792883e+01 6.206896551724137900e+00 -2.542178726743733998e-07
4.189655172413792883e+01 7.758620689655172598e+00 -3.092034753115983233e-07
4.189655172413792883e+01 9.310344827586206407e+00 -3.589912722968056079e-07
4.189655172413792883e+01 1.086206896551724199e+01 -4.030515389020349455e-07
4.189655172413792883e+01 1.241379310344827580e+01 -4.410092991150659331e-07
4.189655172413792883e+01 1.396551724137930961e+01 -4.727140953556623392e-07
4.189655172413792883e+01 1.551724137931034520e+01 -4.981792363986557517e-07
4.189655172413792883e+01 1.706896551724138078e+01 -5.175924340458947923e-07
4.189655172413792883e+01 1.862068965517241281e+01 -5.312510238207964203e-07
4.189655172413792883e+01 2.017241379310344840e+01 -5.395706937606409660e-07
4.189655172413792883e+01 2.172413793103448398e+01 -5.430012203193028439e-07
4.189655172413792883e+01 2.327586206896551602e+01 -5.421287780244509416e-07
4.189655172413792883e+01 2.482758620689655160e+01 -5.374248856384143336e-07
4.189655172413792883e+01 2.637931034482758719e+01 -5.294493831043244471e-07
4.189655172413792883e+01 2.793103448275861922e+01 -5.187352217074857252e-07
4.189655172413792883e+01 2.948275862068965480e+01 -5.057328315641235876e-07
4.189655172413792883e+01 3.103448275862069039e+01 -4.909441860495901975e-07
4.189655172413792883e+01 3.258620689655172242e+01 -4.747692714760906025e-07
4.189655172413792883e+01 3.413793103448276156e+01 -4.575693107831985580e-07
4.189655172413792883e+01 3.568965517241379359e+01 -4.396460001106714636e-07
4.189655172413792883e+01 3.724137931034482563e+01 -4.213283091767369004e-07
4.189655172413792883e+01 3.879310344827586476e+01 -4.028021920024092704e-07
4.189655172413792883e+01 4.034482758620689680e+01 -3.842825614151580813e-07
4.189655172413792883e+01 4.189655172413792883e+01 -3.659377603590488296e-07
4.189655172413792883e+01 4.344827586206896797e+01 -3.479119546064494289e-07
4.189655172413792883e+01 4.500000000000000000e+01 -3.302937907799536143e-07
4.344827586206896797e+01 0.000000000000000000e+00 -2.842515919324516237e-24
4.344827586206896797e+01 1.551724137931034475e+00 -5.887816775929567631e-08
4.344827586206896797e+01 3.103448275862068950e+00 -1.167334242758713318e-07
4.344827586206896797e+01 4.655172413793103203e+00 -1.725883013969364375e-07
4.344827586206896797e+01 6.206896551724137900e+00 -2.255418567662167952e-07
4.344827586206896797e+01 7.758620689655172598e+00 -2.748071524189462039e-07
4.344827586206896797e+01 9.310344827586206407e+00 -3.197399446370575412e-07
4.344827586206896797e+01 1.086206896551724199e+01 -3.598478842289487010e-07
4.344827586206896797e+01 1.241379310344827580e+01 -3.948017634270971509e-07
4.344827586206896797e+01 1.396551724137930961e+01 -4.244224955873378165e-07
4.344827586206896797e+01 1.551724137931034520e+01 -4.486918538140788936e-07
4.344827586206896797e+01 1.706896551724138078e+01 -4.677212473065291856e-07
4.344827586206896797e+01 1.862068965517241281e+01 -4.817104652646205402e-07
4.344827586206896797e+01 2.017241379310344840e+01 -4.909883969057719122e-07
4.344827586206896797e+01 2.172413793103448398e+01 -4.958916966724312269e-07
4.344827586206896797e+01 2.327586206896551602e+01 -4.968671256189060386e-07
4.344827586206896797e+01 2.482758620689655160e+01 -4.943566473491916098e-07
4.344827586206896797e+01 2.637931034482758719e+01 -4.887786077339037456e-07
4.344827586206896797e+01 2.793103448275861922e+01 -4.805837680058786099e-07
4.344827586206896797e+01 2.948275862068965480e+01 -4.702132722537730138e-07
4.344827586206896797e+01 3.103448275862069039e+01 -4.580617335473722253e-07
4.344827586206896797e+01 3.258620689655172242e+01 -4.444263666699712607e-07
4.344827586206896797e+01 3.413793103448276156e+01 -4.297312317539667268e-07
4.344827586206896797e+01 3.568965517241379359e+01 -4.142203342933823087e-07
4.344827586206896797e+01 3.724137931034482563e+01 -3.981675453433044250e-07
4.344827586206896797e+01 3.879310344827586476e+01 -3.817845339877577310e-07
4.344827586206896797e+01 4.034482758620689680e+01 -3.652758775713403709e-07
4.344827586206896797e+01 4.189655172413792883e+01 -3.488023906255769648e-07
4.344827586206896797e+01 4.344827586206896797e+01 -3.324945205913590362e-07
4.344827586206896797e+01 4.500000000000000000e+01 -3.164474588454773134e-07
4.500000000000000000e+01 0.000000000000000000e+00 -6.654931716498453260e-25
4.500000000000000000e+01 1.551724137931034475e+00 -5.227660679478813274e-08
4.500000000000000000e+01 3.103448275862068950e+00 -1.037056043206034613e-07
4.500000000000000000e+01 4.655172413793103203e+00 -1.534669474119550562e-07
4.500000000000000000e+01 6.206896551724137900e+00 -2.008094380121016481e-07
4.500000000000000000e+01 7.758620689655172598e+00 -2.450623460234911208e-07
4.500000000000000000e+01 9.310344827586206407e+00 -2.856738696145395512e-07
4.500000000000000000e+01 1.086206896551724199e+01 -3.222137610552236985e-07
4.500000000000000000e+01 1.241379310344827580e+01 -3.543665950682630727e-07
4.500000000000000000e+01 1.396551724137930961e+01 -3.819732586436645566e-07
4.500000000000000000e+01 1.551724137931034520e+01 -4.049590395131360560e-07
4.500000000000000000e+01 1.706896551724138078e+01 -4.233997574326293419e-07
4.500000000000000000e+01 1.862068965517241281e+01 -4.374241542069106038e-07
4.500000000000000000e+01 2.017241379310344840e+01 -4.472866610627301365e-07
4.500000000000000000e+01 2.172413793103448398e+01 -4.532524998489004676e-07
4.500000000000000000e+01 2.327586206896551602e+01 -4.556658278096907651e-07
4.500000000000000000e+01 2.482758620689655160e+01 -4.548550000810820227e-07
4.500000000000000000e+01 2.637931034482758719e+01 -4.512345101646432463e-07
4.500000000000000000e+01 2.793103448275861922e+01 -4.451514713220776357e-07
4.500000000000000000e+01 2.948275862068965480e+01 -4.369673496769922411e-07
4.500000000000000000e+01 3.103448275862069039e+01 -4.270472709628133505e-07
4.500000000000000000e+01 3.258620689655172242e+01 -4.156659985243198039e-07
4.500000000000000000e+01 3.413793103448276156e+01 -4.031546775809149736e-07
4.500000000000000000e+01 3.568965517241379359e+01 -3.897676733761392258e-07
4.500000000000000000e+01 3.724137931034482563e+01 -3.757791437643791633e-07
4.500000000000000000e+01 3.879310344827586476e+01 -3.613035522657982043e-07
4.500000000000000000e+01 4.034482758620689680e+01 -3.466374244717230362e-07
4.500000000000000000e+01 4.189655172413792883e+01 -3.318660110421340149e-07
4.500000000000000000e+01 4.344827586206896797e+01 -3.171354729363846319e-07
4.500000000000000000e+01 4.500000000000000000e+01 -3.025809318803422425e-07
