1.602059991327984045e+00 1.023804710162007265e-09
1.602059991328526944e+00 3.515169612085982922e-09
1.602059991329069844e+00 2.355342509023802045e-09
1.602059991329612743e+00 1.759993455593859043e-09
1.602059991330155420e+00 1.407107005928912568e-09
1.602059991330698319e+00 1.173749189785898480e-09
1.602059991331241218e+00 1.007783254885402741e-09
1.602059991331784117e+00 8.839266882541251020e-10
1.602059991332327016e+00 7.875644191533935268e-10
1.602059991332869915e+00 7.104794048755493820e-10
1.602059991333412814e+00 6.473692193949759551e-10
1.602059991333955713e+00 5.947463619076055232e-10
1.602059991334498390e+00 5.501901923161949039e-10
1.602059991335041289e+00 5.119256744325975018e-10
1.602059991335584188e+00 4.787165728474432168e-10
1.602059991336127087e+00 4.496190788436309003e-10
1.602059991336669986e+00 4.239126642276002185e-10
1.602059991337212885e+00 4.010191227911737238e-10
1.602059991337755784e+00 3.805125957601813013e-10
1.602059991338298683e+00 3.620275639140777563e-10
1.602059991338841360e+00 3.452932439528681689e-10
1.602059991339384259e+00 3.300451055269613273e-10
1.602059991339927159e+00 3.161027681282303861e-10
1.602059991340470058e+00 3.033066306986066991e-10
1.602059991341012957e+00 2.915211716533984211e-10
1.602059991341555856e+00 2.806280528076456352e-10
1.602059991342098755e+00 2.705295612092377080e-10
1.602059991342641654e+00 2.611389208893786874e-10
1.602059991343184331e+00 2.523968133412520863e-10
1.602059991343727230e+00 2.442148123116913110e-10
1.602059991344270129e+00 2.365574971482744040e-10
1.602059991344813028e+00 2.293691834472363741e-10
1.602059991345355927e+00 2.226130002186606397e-10
1.602059991345898826e+00 2.162486422386542027e-10
1.602059991346441725e+00 2.102375598616000976e-10
1.602059991346984624e+00 2.045585903746807023e-10
1.602059991347527301e+00 1.991794593909427556e-10
1.602059991348070200e+00 1.940773354681181910e-10
1.602059991348613099e+00 1.892380250503002855e-10
1.602059991349155998e+00 1.846332362728766415e-10
