9.999999999999999547e-07 0.000000000000000000e+00
1.013925407558814200e-06 6.527938886836831352e-32
1.028044732093309784e-06 2.696100534764087702e-31
1.042360673976401061e-06 6.188258605920899566e-31
1.056875971184804981e-06 1.118927856815169979e-30
1.071593399822671139e-06 1.776112374833344918e-30
1.086515774652537176e-06 2.596776882699011715e-30
1.101645949633656974e-06 3.587526005162531080e-30
1.116986818467822540e-06 4.755177719519928502e-30
1.132541315152812586e-06 6.106769730678706585e-30
1.148312414543511196e-06 7.649566030485057022e-30
1.164303132920875528e-06 9.391063646547141745e-30
1.180516528568805485e-06 1.133899958593656720e-29
1.196955702359042833e-06 1.350135797930988066e-29
1.213623798344241863e-06 1.588637743115511787e-29
1.230524004359261563e-06 1.850255858201251023e-29
1.247659552630868398e-06 2.135867188870917476e-29
1.265033720395903716e-06 2.446376562879282969e-29
1.282649830528059960e-06 2.782717413554021530e-29
1.300511252173409911e-06 3.145852627009646657e-29
1.318621401394748467e-06 3.536775413746883151e-29
1.336983741824945150e-06 3.956510205331706451e-29
1.355601785329368979e-06 4.406113576864837966e-29
1.374479092677536677e-06 4.886675195974525324e-29
1.393619274224143468e-06 5.399318799086110095e-29
1.413025990599533632e-06 5.945203195741103261e-29
1.432702953409829350e-06 6.525523301763542768e-29
1.452653925946781160e-06 7.141511202090689386e-29
1.472882723907501804e-06 7.794437244109902691e-29
1.493393216124253301e-06 8.485611162368249500e-29
1.514189325304352035e-06 9.216383235542012975e-29
1.535275028780421201e-06 9.988145476583912533e-29
1.556654359271061967e-06 1.080233285698607049e-28
1.578331405652116571e-06 1.166042456612662468e-28
1.600310313738701654e-06 1.256394530669583277e-28
1.622595287078087214e-06 1.351446662722096814e-28
1.645190587753660682e-06 1.451360829274470658e-28
1.668100537200059127e-06 1.556303969473514591e-28
1.691329517029647040e-06 1.666448130133930920e-28
1.714881969870540874e-06 1.781970614912503748e-28
1.738762400216250434e-06 1.903054137748174609e-28
1.762975375287203917e-06 2.029886980689296381e-28
1.787525525904235397e-06 2.162663156231845884e-28
1.812417547374235695e-06 2.301582574296450514e-28
1.837656200388172474e-06 2.446851213975723401e-28
1.863246311931559818e-06 2.598681300186406424e-28
1.889192776207664423e-06 2.757291485365728509e-28
1.915500555573527830e-06 2.922907036354160576e-28
1.942174681489024486e-06 3.095760026611482389e-28
1.969220255479173340e-06 3.276089533917288116e-28
1.996642450109793374e-06 3.464141843710413312e-28
2.024446509976801877e-06 3.660170658227498607e-28
2.052637752709252226e-06 3.864437311604039795e-28
2.081221569986337122e-06 4.077210991106721379e-28
2.110203428568596572e-06 4.298768964670701302e-28
2.139588871343421664e-06 4.529396814919257983e-28
2.169383518385181950e-06 4.769388679850007405e-28
2.199593068030074676e-06 5.019047500375254377e-28
2.230223297965936432e-06 5.278685274910429360e-28
2.261280066337279372e-06 5.552421318061135437e-28
2.292769312865648563e-06 5.850163351706768734e-28
2.324697059985650290e-06 6.173246850603099401e-28
2.357069413996727979e-06 6.522619854235108999e-28
2.389892566231047836e-06 6.899260519581281694e-28
2.423172794237600507e-06 7.304177956117733234e-28
2.456916462982790237e-06 7.738413090302709934e-28
2.491130026067791046e-06 8.203039561443471248e-28
2.525820026962784695e-06 8.699164650205532649e-28
2.560993100258456944e-06 9.227930240556665665e-28
2.596655972934872394e-06 9.790513815619452682e-28
2.632815465648020122e-06 1.038812948772463250e-27
2.669478494034323617e-06 1.102202906287592912e-27
2.706652070033241224e-06 1.169350313982707102e-27
2.744343303228362398e-06 1.240388224401993246e-27
2.782559402207125977e-06 1.315453799670237270e-27
2.821307675939470909e-06 1.394688431963939703e-27
2.860595535175744707e-06 1.478237867592952388e-27
2.900430493863991580e-06 1.566252334753259229e-27
2.940820170587060722e-06 1.658886675021537562e-27
2.981772290019673234e-06 1.756300478670280636e-27
3.023294684405776334e-06 1.858658223890690674e-27
3.065395295056530018e-06 1.966129420017960703e-27
3.108082173869063814e-06 2.078888754859701057e-27
3.151363484866476280e-06 2.197116246235185709e-27
3.195247505759213607e-06 2.320997397837856462e-27
3.239742629528195378e-06 2.450723359539265809e-27
3.284857366030047033e-06 2.586491092257567884e-27
3.330600343624588548e-06 2.728503537517663578e-27
3.376980310825087979e-06 2.876969791835640759e-27
3.424006137971425541e-06 3.032105286063431878e-27
3.471686818926559579e-06 3.194131969834618423e-27
3.520031472796682339e-06 1.620570170429428892e-27
3.569049345675229473e-06 2.028809031360988109e-27
3.618749812411276882e-06 2.449915576489276836e-27
3.669142378402493899e-06 2.884772557011185888e-27
3.720236681413065725e-06 3.334459560538732567e-27
3.772042493417001451e-06 3.800191668497076488e-27
3.824569722466998750e-06 4.283296612602699255e-27
3.877828414589453094e-06 4.785206639523986844e-27
3.931828755705770305e-06 5.307456813407361034e-27
3.986581073580438997e-06 5.851686482446607242e-27
4.042095839796309714e-06 6.419642479611902929e-27
4.098383671757261184e-06 7.013183384045363353e-27
4.155455334718879651e-06 7.634284507379054624e-27
4.213321743847289341e-06 8.285043430987051818e-27
4.271993966306776970e-06 8.967686002416458006e-27
4.331483223376402566e-06 9.684572743274267941e-27
4.391800892596086187e-06 1.043820564557746715e-26
4.452958509942660131e-06 1.123123534809682994e-26
4.514967772036101769e-06 1.206646869314306276e-26
4.577840538376616169e-06 1.294687666999370985e-26
4.641588833612781958e-06 1.387560275504522358e-26
4.706224849841281354e-06 1.485597166156531401e-26
4.771760948938750521e-06 1.611093419413990497e-26
4.838209664925956952e-06 1.799230054180154796e-26
4.905583706365045857e-06 2.053733143807812519e-26
4.973895958790067320e-06 2.378155215930592734e-26
5.043159487171358525e-06 2.776207887562172246e-26
5.113387538414331605e-06 3.251768530773293362e-26
5.184593543892912765e-06 3.808887249805867527e-26
5.256791122018419569e-06 4.451794197069049916e-26
5.329994080844093235e-06 5.184907231676395114e-26
5.404216420705915271e-06 6.012839920681149535e-26
5.479472336900292930e-06 6.940409887159848599e-26
5.555776222398877724e-06 7.972647513962698671e-26
5.633142670601352205e-06 9.114805015378422581e-26
5.711586478126434863e-06 1.037236589114471281e-25
5.791122647641757912e-06 1.175105477864659044e-25
5.871766390733261702e-06 1.325684772015678958e-25
5.953533130814370033e-06 1.489598286277807009e-25
6.036438506075863713e-06 1.667497160952953238e-25
6.120498372476703066e-06 1.860061024074410417e-25
6.205728806776500758e-06 2.067999202575327153e-25
6.292146109610350494e-06 2.292051984563227535e-25
6.379766808606282652e-06 2.532991934863259413e-25
6.468607661546320942e-06 2.791625266083712458e-25
6.558685659571435694e-06 3.068793267548258528e-25
6.650018030431117999e-06 3.365373794541216812e-25
6.742622241778348883e-06 3.682282820410937114e-25
6.836516004510238809e-06 4.020476054185776898e-25
6.931717276155400522e-06 4.380950626467657044e-25
7.028244264308352554e-06 4.764746846485710518e-25
7.126115430111745365e-06 5.172950033311585399e-25
7.225349491787221566e-06 5.606692424369166344e-25
7.325965428215230423e-06 6.067155164497419021e-25
7.427982482564910469e-06 6.555570378969660672e-25
7.531420165974375663e-06 7.073223334009126287e-25
7.636298261282241959e-06 7.621454688495955532e-25
7.742636826811276894e-06 8.201662840714089966e-25
7.850456200204509316e-06 8.815306374147801984e-25
7.959777002314978321e-06 9.463906606511494975e-25
8.070620141149507638e-06 1.014905024636729709e-24
8.183006815867388940e-06 1.087239216187313279e-24
8.296958520834915102e-06 1.163565826639562886e-24
8.412497049736117495e-06 1.244064852591821166e-24
8.529644499741016815e-06 1.328924009338940303e-24
8.648423275731726255e-06 1.418339057536739783e-24
8.768856094587426870e-06 1.512514143654732974e-24
8.890965989529167165e-06 1.611662154799355718e-24
9.014776314524917239e-06 1.716005088514102316e-24
9.140310748756222539e-06 1.825774438189373349e-24
9.267593301146882451e-06 1.941211594740656725e-24
9.396648314954690500e-06 2.062568265242245321e-24
9.527500472427300024e-06 2.190106909232501364e-24
9.660174799522645609e-06 2.324101193436473338e-24
9.794696670695385670e-06 2.464836465684266585e-24
9.931091813749799848e-06 2.612610248835097531e-24
1.006938631476027116e-05 2.767732755552302698e-24
1.020960662306047607e-05 2.930527424809964517e-24
1.035177955630176194e-05 3.101331481048470790e-24
1.049593230558226690e-05 3.280496516936270151e-24
1.064209244064724650e-05 3.468389100734209280e-24
1.079028791516183681e-05 3.665391409301947394e-24
1.094054707205743495e-05 3.871901887829721170e-24
1.109289864895222712e-05 4.088335937423678997e-24
1.124737178364750747e-05 4.315126631722286074e-24
1.140399601970033156e-05 4.552725463769289934e-24
1.156280131207375302e-05 4.801603124421789745e-24
1.172381803286599682e-05 5.062250313625980620e-24
1.188707697711903343e-05 5.335178585948144844e-24
1.205260936870841401e-05 5.620921231809286402e-24
1.222044686631488650e-05 5.920034195930885540e-24
1.239062156947915659e-05 6.233097034564279168e-24
1.256316602474121465e-05 6.560713913142856511e-24
1.273811323186478452e-05 6.903514646063848132e-24
1.291549665014882683e-05 7.262155780381299318e-24
1.309535020482667643e-05 7.637321725264476871e-24
1.327770829355429101e-05 8.029725929156027852e-24
1.346260579298911035e-05 8.440112106646186376e-24
1.365007806546013744e-05 8.869255517162495138e-24
1.384016096573130180e-05 9.317964297666556947e-24
1.403289084785873161e-05 9.787080851638626489e-24
1.422830457214351858e-05 1.027748329672952793e-23
1.442643951218158844e-05 1.079008697356009445e-23
1.462733356201129868e-05 1.132584601825061593e-23
1.483102514336102853e-05 1.188575500137621751e-23
1.503755321299738461e-05 1.247085063615374350e-23
1.524695727017572978e-05 1.308221355878716867e-23
1.545927736419478539e-05 1.372097018402255614e-23
1.567455410205594862e-05 1.438829463908928811e-23
1.589282865622976477e-05 1.508541077934394924e-23
1.611414277253019959e-05 1.581359428906800822e-23
1.633853877809860416e-05 1.657417487102017464e-23
1.656605958949915094e-05 1.736853852849629244e-23
1.679674872092653225e-05 1.819812994380502859e-23
1.703065029252842484e-05 1.906445495723854566e-23
1.726780903884356100e-05 1.998089501770582271e-23
1.750827031735723228e-05 2.098001991336024359e-23
1.775208011717636033e-05 2.206840821024408021e-23
1.799928506782476521e-05 2.325159225222579520e-23
1.824993244816150412e-05 2.453539389854433433e-23
1.850407019542302264e-05 2.592593841921332505e-23
1.876174691439119540e-05 2.742966902596547349e-23
1.902301188668945850e-05 2.905336206699195626e-23
1.928791508020777896e-05 3.080414291495808500e-23
1.955650715865946999e-05 3.268950257907829324e-23
1.982883949127071257e-05 3.471731507336386982e-23
2.010496416260496873e-05 3.689585557456584000e-23
2.038493398252464128e-05 3.923381940480143670e-23
2.066880249629082024e-05 4.174034187536284407e-23
2.095662399480430758e-05 4.442501902981950359e-23
2.124845352498882828e-05 4.729792932616404707e-23
2.154434690031882321e-05 5.036965629949527306e-23
2.184436071149428344e-05 5.365131224853976399e-23
2.214855233726359179e-05 5.715456299118106102e-23
2.245697995539771554e-05 6.089165373615387984e-23
2.276970255381680078e-05 6.487543612008705600e-23
2.308677994187167203e-05 6.911939646123092146e-23
2.340827276178294449e-05 7.363768528343741228e-23
2.373424250023866352e-05 7.844514816626493593e-23
2.406475150015421866e-05 8.355735797954151739e-23
2.439986297259550131e-05 8.899064856321303717e-23
2.473964100886811809e-05 9.476214991596617517e-23
2.508415059277541105e-05 1.008898249588708327e-22
2.543345761304648090e-05 1.073925079431292680e-22
2.578762887593798400e-05 1.142899445740585983e-22
2.614673211801091967e-05 1.216028339265111404e-22
2.651083601908536211e-05 1.293528722302237096e-22
2.688001021537607461e-05 1.375627986069881259e-22
2.725432531281027978e-05 1.462564428450405927e-22
2.763385290053166867e-05 1.554587752998243416e-22
2.801866556459195316e-05 1.651959590140722347e-22
2.840883690183301088e-05 1.754954041542140099e-22
2.880444153396297702e-05 1.863858248643144701e-22
2.920555512182745176e-05 1.978972986430650534e-22
2.961225437988031288e-05 2.100788697618731394e-22
3.002461709085549186e-05 2.231762725861705641e-22
3.044272212064305779e-05 2.373114001426445583e-22
3.086664943337274645e-05 2.525536800201156294e-22
3.129648010670750265e-05 2.689763611459791815e-22
3.173229634734972955e-05 2.866567026621667275e-22
3.217418150676371437e-05 3.056761715914806594e-22
3.262222009711673420e-05 3.261206496892406995e-22
3.307649780744242331e-05 3.480806498925865031e-22
3.353710152002928861e-05 3.716515427978796387e-22
3.400411932703702948e-05 3.969337936155395899e-22
3.447764054734463976e-05 4.240332100714424298e-22
3.495775574363278547e-05 4.530612017445184950e-22
3.544455673970435463e-05 4.841350513517380730e-22
3.593813663804625562e-05 5.173781985140374768e-22
3.643858983763540501e-05 5.529205365600980059e-22
3.694601205199302477e-05 5.908987229493539316e-22
3.746050032748996612e-05 6.314565039209629850e-22
3.798215306190736308e-05 6.747450540021219399e-22
3.851107002325568519e-05 7.209233310367198964e-22
3.904735236885555739e-05 7.701584474242299080e-22
3.959110266468458876e-05 8.226260582889447227e-22
4.014242490499325976e-05 8.785107673310102111e-22
4.070142453219438740e-05 9.380065511436426067e-22
4.126820845702951608e-05 1.001317202815024208e-21
4.184288507901584570e-05 1.068656795669082954e-21
4.242556430717776958e-05 1.140696942633560290e-21
4.301635758106799609e-05 1.218206528456136195e-21
4.361537789208005635e-05 1.301561702045866714e-21
4.422273980505896747e-05 1.391159661534907674e-21
4.483855948021190816e-05 1.487419707685336489e-21
4.546295469532399562e-05 1.590784343235686116e-21
4.609604486828438810e-05 1.701720423599651637e-21
4.673795107992463778e-05 1.820720361228957330e-21
4.738879609717651056e-05 1.948303386055050509e-21
4.804870439655133953e-05 2.085016864529690911e-21
4.871780218794630613e-05 2.231437679895918943e-21
4.939621743878325959e-05 2.388173676436660194e-21
5.008407989848212116e-05 2.555865170568160023e-21
5.078152112327670659e-05 2.735186531772606607e-21
5.148867450137497919e-05 2.926847836494435761e-21
5.220567527846975100e-05 3.131596598262715361e-21
5.293266058360566627e-05 3.350219577445147381e-21
5.366976945540475778e-05 3.583544674187395447e-21
5.441714286865887681e-05 3.835301458750110065e-21
5.517492376129128718e-05 4.165994296766709273e-21
5.594325706169377268e-05 4.603878982804371578e-21
5.672228971644549213e-05 5.154826149848763254e-21
5.751217071841613668e-05 5.824974540185127552e-21
5.831305113526218489e-05 6.620742658600319351e-21
5.912508413831881030e-05 7.548840924047267705e-21
5.994842503189408905e-05 8.616284340989778548e-21
6.078323128297236501e-05 9.830405712518545413e-21
6.162966255132942199e-05 1.119886941828180773e-20
6.248788072006888211e-05 1.272968578125978123e-20
6.335804992658254750e-05 1.443122604840382226e-20
6.424033659394190888e-05 1.631223801125284716e-20
6.513490946272809873e-05 1.838186229373507929e-20
6.604193962330304700e-05 2.064964933551049567e-20
6.696160054853215278e-05 2.312557710042978403e-20
6.789406812696112826e-05 2.582006954092314131e-20
6.883952069645495682e-05 2.874401585045107458e-20
6.979813907830667650e-05 3.190879053751111210e-20
7.077010661181888922e-05 3.532627435610784779e-20
7.175560918936921718e-05 3.900887612908838408e-20
7.275483529196232206e-05 4.296955550227622300e-20
7.376797602527730984e-05 4.722184666894489760e-20
7.479522515621828658e-05 5.177988310588173841e-20
7.583677914997190089e-05 5.665842336398100927e-20
7.689283720758305352e-05 6.187287795819608508e-20
7.796360130405236585e-05 6.743933740352889394e-20
7.904927622696420267e-05 7.337460144574228491e-20
8.015006961565413965e-05 7.969620953754238386e-20
8.126619200091945365e-05 8.642247261311897172e-20
8.239785684528511741e-05 9.357250621619046370e-20
8.354528058382871408e-05 1.011662650390352641e-19
8.470868266557402936e-05 1.092245789324074222e-19
8.588828559546259111e-05 1.177691904488257705e-19
8.708431497690723578e-05 1.268227939843074099e-19
8.829699955494083421e-05 1.364090765864500398e-19
8.952657125996401179e-05 1.465527604995785152e-19
9.077326525210223113e-05 1.572796475207147380e-19
9.203731996618230639e-05 1.686166652432611450e-19
9.331897715733238812e-05 1.805919152684938231e-19
9.461848194721991974e-05 1.932347234684457984e-19
9.593608287093146887e-05 2.065756923872127656e-19
9.727203192450537027e-05 2.206467558714684662e-19
9.862658461312830713e-05 2.354812360248210752e-19
1.000000000000000048e-04 2.511139025845953658e-19
1.013925407558815276e-04 2.675810348239076972e-19
1.028044732093309733e-04 2.849204860861519336e-19
1.042360673976401179e-04 3.031717510636438983e-19
1.056875971184803998e-04 3.223760359368728796e-19
1.071593399822671198e-04 3.425763314957196276e-19
1.086515774652538379e-04 3.638174893692218676e-19
1.101645949633656949e-04 3.861463014957527664e-19
1.116986818467822557e-04 4.096115829711132068e-19
1.132541315152811519e-04 4.342642584178843529e-19
1.148312414543511137e-04 4.601574520253873707e-19
1.164303132920876748e-04 4.873465814160433513e-19
1.180516528568805612e-04 5.158894555004305892e-19
1.196955702359042841e-04 5.458463764902573444e-19
1.213623798344240533e-04 5.772802462456741288e-19
1.230524004359261579e-04 6.102566771407415682e-19
1.247659552630869643e-04 6.448441076387731364e-19
1.265033720395903835e-04 6.811139227773071321e-19
1.282649830528059917e-04 7.191405797709730542e-19
1.300511252173408420e-04 7.590017389493646705e-19
1.318621401394748458e-04 8.007784002561575202e-19
1.336983741824946607e-04 8.445550455454133489e-19
1.355601785329368979e-04 8.904197869209160492e-19
1.374479092677536609e-04 9.384645213748503371e-19
1.393619274224142113e-04 9.887850919930191738e-19
1.413025990599533599e-04 1.041481456005029700e-18
1.432702953409830901e-04 1.096657859969833812e-18
1.452653925946781202e-04 1.154423022399161268e-18
1.472882723907501770e-04 1.214890324134301084e-18
1.493393216124251827e-04 1.278178006805056424e-18
1.514189325304352018e-04 1.344409379713539815e-18
1.535275028780422768e-04 1.413713035500170204e-18
1.556654359271062154e-04 1.486223074964207841e-18
1.578331405652118053e-04 1.562079341427052669e-18
1.600310313738700137e-04 1.641427665042944109e-18
1.622595287078087002e-04 1.724420117478884810e-18
1.645190587753662351e-04 1.811215277403396497e-18
1.668100537200059119e-04 1.901978507242511623e-18
1.691329517029648683e-04 1.996882241680671681e-18
1.714881969870539155e-04 2.096106288404528362e-18
1.738762400216250527e-04 2.199838141608782374e-18
1.762975375287205730e-04 2.308273308805037830e-18
1.787525525904235457e-04 2.421850676081077671e-18
1.812417547374237711e-04 2.544424713071832105e-18
1.837656200388170424e-04 2.677784873440720493e-18
1.863246311931559835e-04 2.822603767047802243e-18
1.889192776207666380e-04 2.979589364447447640e-18
1.915500555573527931e-04 3.149486698823390636e-18
1.942174681489026468e-04 3.333079645899753160e-18
1.969220255479171443e-04 3.531192785298284757e-18
1.996642450109793374e-04 3.744693346963917859e-18
2.024446509976803791e-04 3.974493246438652526e-18
2.052637752709252192e-04 4.221551212929455694e-18
2.081221569986339392e-04 4.486875014287564695e-18
2.110203428568594353e-04 4.771523783196615768e-18
2.139588871343421563e-04 5.076610449054512143e-18
2.169383518385184322e-04 5.403304280229005270e-18
2.199593068030074913e-04 5.752833541571820060e-18
2.230223297965938634e-04 6.126488272288049676e-18
2.261280066337277204e-04 6.525623189480098178e-18
2.292769312865648647e-04 6.951660722916935305e-18
2.324697059985647986e-04 7.406094186820416232e-18
2.357069413996727843e-04 7.890491094713314514e-18
2.389892566231050343e-04 8.406496623635724594e-18
2.423172794237598237e-04 8.955837234310775767e-18
2.456916462982790305e-04 9.540324454127056943e-18
2.491130026067788590e-04 1.016185883010221931e-17
2.525820026962784779e-04 1.082243405930499501e-17
2.560993100258459536e-04 1.152414130453567739e-17
2.596655972934869836e-04 1.226917370340456041e-17
2.632815465648020189e-04 1.305983107930084561e-17
2.669478494034321025e-04 1.389852486311147445e-17
2.706652070033241072e-04 1.478778323493557020e-17
2.744343303228365160e-04 1.573025649543854186e-17
2.782559402207125773e-04 1.672872267690874637e-17
2.821307675939470740e-04 1.778609340451522270e-17
2.860595535175741895e-04 1.890542001871956510e-17
2.900430493863991868e-04 2.008989997026766886e-17
2.940820170587063703e-04 2.134288349968380722e-17
2.981772290019673471e-04 2.266788061370274434e-17
3.023294684405776131e-04 2.406884706125597944e-17
3.065395295056526901e-04 2.556901139439489773e-17
3.108082173869063645e-04 2.718670236681317431e-17
3.151363484866479448e-04 2.892977846537465813e-17
3.195247505759213607e-04 3.080653086035062138e-17
3.239742629528195514e-04 3.282570479775946935e-17
3.284857366030043374e-04 3.499652198750729231e-17
3.330600343624588820e-04 3.732870403207444842e-17
3.376980310825091164e-04 3.983249694246639704e-17
3.424006137971425897e-04 4.251869679019537489e-17
3.471686818926559680e-04 4.539867654620507322e-17
3.520031472796678832e-04 4.848441415988672267e-17
3.569049345675229896e-04 5.178852193366283443e-17
3.618749812411280490e-04 5.532427725105606895e-17
3.669142378402493712e-04 5.910565471869276216e-17
3.720236681413065759e-04 6.314735978534269685e-17
3.772042493416997554e-04 6.746486390386241642e-17
3.824569722466999088e-04 7.207444130478565744e-17
3.877828414589457430e-04 7.699320745332358989e-17
3.931828755705770373e-04 8.223915926466482042e-17
3.986581073580438726e-04 8.783121715574581395e-17
4.042095839796305953e-04 9.378926901507778692e-17
4.098383671757261184e-04 1.001342161757713242e-16
4.155455334718875077e-04 1.068880214806315184e-16
4.213321743847288901e-04 1.140737595320594564e-16
4.271993966306776428e-04 1.248971729081686965e-16
4.331483223376398229e-04 1.325208764533852741e-16
4.391800892596086085e-04 1.408362975238513947e-16
4.452958509942655184e-04 1.498802185493012546e-16
4.514967772036101870e-04 1.596916368129560046e-16
4.577840538376616304e-04 1.703119106012002160e-16
4.641588833612777317e-04 1.817849150586080217e-16
4.706224849841281286e-04 1.941572083760532508e-16
4.771760948938746048e-04 2.074782089790719916e-16
4.838209664925957392e-04 2.218003844254317592e-16
4.905583706365045484e-04 2.371794527652564421e-16
4.973895958790062848e-04 2.536745971641365026e-16
5.043159487171358559e-04 2.713486946395907514e-16
5.113387538414325981e-04 2.902685598142895154e-16
5.184593543892913273e-04 3.105052046456330478e-16
5.256791122018424686e-04 3.321341151509561603e-16
5.329994080844087509e-04 3.552355462108937422e-16
5.404216420705914865e-04 3.798948356005662298e-16
5.479472336900287170e-04 4.062027384693962829e-16
5.555776222398877860e-04 4.352874240496616234e-16
5.633142670601357050e-04 4.693327769412215884e-16
5.711586478126429341e-04 5.086884154783718379e-16
5.791122647641758691e-04 5.536728743656307552e-16
5.871766390733255264e-04 6.046224057572900137e-16
5.953533130814370406e-04 6.618919732847594527e-16
6.036438506075870319e-04 7.258563026060356264e-16
6.120498372476696662e-04 7.969109917153084070e-16
6.205728806776500623e-04 8.754736844338899772e-16
6.292146109610343785e-04 9.619853107023646092e-16
6.379766808606282449e-04 1.056911397499694115e-15
6.468607661546327617e-04 1.160743454436075853e-15
6.558685659571429020e-04 1.274000438297016262e-15
6.650018030431118507e-04 1.397230301062825170e-15
6.742622241778341904e-04 1.531011626186548670e-15
6.836516004510238267e-04 1.675955358188467675e-15
6.931717276155407569e-04 1.832706630914476720e-15
7.028244264308345507e-04 2.001946700113328864e-15
7.126115430111745839e-04 2.184394986312337043e-15
7.225349491787214518e-04 2.380811234312664607e-15
7.325965428215230456e-04 2.591997795990295271e-15
7.427982482564917787e-04 2.818802043469451674e-15
7.531420165974367972e-04 3.062118920143794301e-15
7.636298261282241416e-04 3.322893637446523887e-15
7.742636826811269846e-04 3.602124525725562135e-15
7.850456200204509452e-04 3.900866048058895469e-15
7.959777002314985571e-04 4.220231986350730225e-15
8.070620141149498694e-04 4.561398809587020019e-15
8.183006815867389754e-04 4.925609234692825572e-15
8.296958520834906564e-04 5.314175991034516762e-15
8.412497049736117902e-04 5.728485800242223775e-15
8.529644499741025759e-04 6.170003583698302809e-15
8.648423275731718192e-04 6.640276910743441115e-15
8.768856094587426870e-04 7.140940701402507424e-15
8.890965989529158288e-04 7.673722198222002952e-15
9.014776314524917782e-04 8.240446222647991403e-15
9.140310748756232161e-04 8.843040732257330298e-15
9.267593301146882789e-04 9.483542696090628385e-15
9.396648314954690433e-04 1.016410430632325702e-14
9.527500472427289724e-04 1.088699954555620501e-14
9.660174799522645676e-04 1.165463113011327767e-14
9.794696670695395360e-04 1.246953785089991741e-14
9.931091813749799713e-04 1.333440233461273109e-14
1.006938631476027041e-03 1.425205924939623667e-14
1.020960662306046604e-03 1.522550398042226173e-14
1.035177955630176309e-03 1.625790180232754104e-14
1.049593230558227598e-03 1.735259757698863949e-14
1.064209244064724582e-03 1.851312600674329688e-14
1.079028791516183647e-03 1.974322247489260854e-14
1.094054707205742438e-03 2.104683450714289376e-14
1.109289864895222780e-03 2.242813388957008219e-14
1.124737178364752007e-03 2.389152948073199549e-14
1.140399601970033122e-03 2.544168075770505881e-14
1.156280131207375458e-03 2.708351213809980624e-14
1.172381803286598597e-03 2.882222812251981747e-14
1.188707697711903228e-03 3.066332930447021814e-14
1.205260936870842505e-03 3.261262929741818695e-14
1.222044686631488684e-03 3.467627263154808671e-14
1.239062156947915577e-03 3.686075367576440089e-14
1.256316602474120232e-03 3.917293664367582054e-14
1.273811323186478574e-03 4.162007674565113983e-14
1.291549665014883998e-03 4.420984255259799671e-14
1.309535020482667771e-03 4.695033964086595477e-14
1.327770829355428986e-03 4.985013559165044799e-14
1.346260579298909571e-03 5.291828642247295206e-14
1.365007806546013683e-03 5.616436453274702090e-14
1.384016096573131502e-03 5.959848825013928656e-14
1.403289084785873256e-03 6.323135306938801759e-14
1.422830457214352027e-03 6.707426468048875985e-14
1.442643951218157373e-03 7.113917388870217465e-14
1.462733356201129922e-03 7.543871353469189346e-14
1.483102514336104337e-03 7.998623752930620226e-14
1.503755321299738400e-03 8.479586212405707625e-14
1.524695727017573053e-03 8.988250954527673843e-14
1.545927736419476940e-03 9.526195412725381996e-14
1.567455410205594903e-03 1.009508710873782627e-13
1.589282865622978049e-03 1.069668880945169869e-13
1.611414277253019837e-03 1.133286397904744165e-13
1.633853877809862123e-03 1.200558254335407713e-13
1.656605958949913414e-03 1.271692698427869333e-13
1.679674872092653225e-03 1.346909878319860098e-13
1.703065029252844422e-03 1.426442523328220849e-13
1.726780903884356060e-03 1.510536664184847592e-13
1.750827031735725098e-03 1.599452394507879835e-13
1.775208011717634149e-03 1.693464675867211841e-13
1.799928506782476562e-03 1.793153430011253311e-13
1.824993244816152391e-03 1.900508389300616769e-13
1.850407019542302115e-03 2.016319811313165234e-13
1.876174691439121437e-03 2.141177538744794955e-13
1.902301188668943871e-03 2.275709587423722848e-13
1.928791508020777801e-03 2.420584510299365903e-13
1.955650715865949168e-03 2.576513903920526945e-13
1.982883949127071596e-03 2.744255065843283432e-13
2.010496416260499231e-03 2.924613811902678940e-13
2.038493398252461987e-03 3.118447462805445382e-13
2.066880249629082268e-03 3.326668010054190572e-13
2.095662399480432980e-03 3.550245471798392144e-13
2.124845352498882720e-03 3.790211449827541619e-13
2.154434690031884272e-03 4.047662899576117393e-13
2.184436071149426298e-03 4.323766125703904092e-13
2.214855233726359396e-03 4.619761016548226639e-13
2.245697995539773940e-03 4.936965531520430465e-13
2.276970255381679901e-03 5.276780456340214910e-13
2.308677994187169520e-03 5.640694441869237472e-13
2.340827276178291793e-03 6.030289343224407066e-13
2.373424250023866040e-03 6.447245876823165099e-13
2.406475150015424062e-03 6.893349614040566622e-13
2.439986297259550199e-03 7.370497331246554378e-13
2.473964100886814031e-03 7.880703737141276518e-13
2.508415059277538557e-03 8.426108599523926386e-13
2.543345761304648036e-03 9.008984294917975494e-13
2.578762887593801043e-03 9.631743805836819133e-13
2.614673211801091940e-03 1.029694919191550909e-12
2.651083601908538895e-03 1.100732056265698530e-12
2.688001021537604791e-03 1.176574558115327934e-12
2.725432531281027707e-03 1.257528952984758248e-12
2.763385290053169997e-03 1.343920597120497991e-12
2.801866556459195207e-03 1.436094803806890497e-12
2.840883690183303948e-03 1.534418039049629090e-12
2.880444153396298067e-03 1.639279187799887499e-12
2.920555512182745027e-03 1.751090894837513369e-12
2.961225437988034351e-03 1.870290984670498524e-12
3.002461709085549064e-03 1.997343965060214383e-12
3.044272212064302961e-03 2.132849599512941188e-12
3.086664943337274428e-03 2.278119513618400404e-12
3.129648010670750373e-03 2.433992413248755561e-12
3.173229634734976452e-03 2.601221048036749720e-12
3.217418150676371654e-03 2.780609087670682420e-12
3.262222009711669788e-03 2.973014415787026926e-12
3.307649780744242440e-03 3.179352629647920672e-12
3.353710152002928671e-03 3.400600758134576840e-12
3.400411932703706255e-03 3.637801211336777266e-12
3.447764054734464220e-03 3.892065975811364109e-12
3.495775574363275268e-03 4.164581070423334703e-12
3.544455673970435625e-03 4.456611278571866313e-12
3.593813663804625805e-03 4.769505173545867759e-12
3.643858983763544404e-03 5.104700454750851774e-12
3.694601205199302477e-03 5.463729613604475508e-12
3.746050032748993088e-03 5.848225949016767096e-12
3.798215306190736145e-03 6.259929953554107857e-12
3.851107002325568872e-03 6.700696092639602803e-12
3.904735236885560103e-03 7.172500000469374897e-12
3.959110266468458469e-03 7.677446117728379182e-12
4.014242490499322046e-03 8.217775797677492265e-12
4.070142453219439092e-03 8.795875908756676474e-12
4.126820845702951907e-03 9.414287963516378286e-12
4.184288507901580585e-03 1.007571780545328568e-11
4.242556430717777174e-03 1.078304588719321599e-11
4.301635758106795056e-03 1.153976101294179712e-11
4.361537789208005771e-03 1.235068856915493716e-11
4.422273980505896963e-03 1.321979114338612354e-11
4.483855948021185991e-03 1.415119284985738206e-11
4.546295469532399616e-03 1.514930008207329707e-11
4.609604486828434121e-03 1.621882002304701018e-11
4.673795107992463616e-03 1.736478032539187160e-11
4.738879609717651029e-03 1.859255003315460012e-11
4.804870439655129291e-03 1.990786182159128704e-11
4.871780218794630885e-03 2.131683563566703216e-11
4.939621743878320863e-03 2.282600381291571809e-11
5.008407989848212387e-03 2.444233778143298823e-11
5.078152112327670442e-03 2.617327642922177685e-11
5.148867450137492065e-03 2.802675624687513690e-11
5.220567527846975073e-03 3.001124335168571369e-11
5.293266058360561639e-03 3.213576750774246977e-11
5.366976945540476510e-03 3.440995826341994634e-11
5.441714286865893292e-03 3.684408333492107154e-11
5.517492376129123216e-03 3.943098257639152049e-11
5.594325706169377133e-03 4.222594510155685188e-11
5.672228971644543115e-03 4.521859040631946653e-11
5.751217071841613696e-03 4.842318103607135635e-11
5.831305113526225048e-03 5.185493321304241368e-11
5.912508413831875365e-03 5.553007984461748438e-11
5.994842503189408769e-03 5.946593778591213522e-11
6.078323128297229670e-03 6.368097965208918210e-11
6.162966255132942307e-03 6.819491049689383356e-11
6.248788072006894283e-03 7.302874969637182188e-11
6.335804992658247703e-03 7.820491840085834956e-11
6.424033659394191159e-03 8.374733294418027552e-11
6.513490946272802555e-03 8.968150462672582121e-11
6.604193962330305243e-03 9.603464631876832787e-11
6.696160054853222271e-03 1.028357863622771272e-10
6.789406812696105291e-03 1.101184441982531531e-10
6.883952069645496441e-03 1.179289764163928495e-10
6.979813907830660115e-03 1.263062651808766477e-10
7.077010661181889518e-03 1.352900952386237856e-10
7.175560918936928385e-03 1.449229532849509973e-10
7.275483529196225159e-03 1.552502124510790104e-10
7.376797602527730875e-03 1.663203296370301717e-10
7.479522515621821015e-03 1.781850566009592485e-10
7.583677914997190468e-03 1.908996657814221072e-10
7.689283720758313158e-03 2.045231918992178290e-10
7.796360130405228725e-03 2.191186904606733444e-10
7.904927622696419562e-03 2.347535143649181102e-10
8.015006961565405291e-03 2.514996099041756030e-10
8.126619200091946341e-03 2.694338335388863552e-10
8.239785684528520143e-03 2.886382909289306323e-10
8.354528058382862735e-03 3.092006998088825490e-10
8.470868266557402340e-03 3.312147784096420097e-10
8.588828559546249353e-03 3.547806612514059103e-10
8.708431497690724554e-03 3.800053442645515034e-10
8.829699955494091715e-03 4.070031613360095528e-10
8.952657125996391421e-03 4.358962945300208451e-10
9.077326525210224414e-03 4.668153203943954603e-10
9.203731996618221695e-03 4.998997949373356064e-10
9.331897715733238757e-03 5.352988800465299196e-10
9.461848194722002545e-03 5.731720143222392026e-10
9.593608287093146128e-03 6.136896315107015456e-10
9.727203192450536648e-03 6.570339299543014623e-10
9.862658461312821118e-03 7.033996967217254253e-10
1.000000000000000021e-02 7.529951903459292713e-10
1.013925407558814371e-02 8.060430863816633840e-10
1.028044732093309765e-02 8.627814902985868810e-10
1.042360673976401239e-02 9.234650225523940566e-10
1.056875971184804974e-02 9.883659810266463775e-10
1.071593399822671176e-02 1.057775586413049604e-09
1.086515774652537306e-02 1.132005316500982933e-09
1.101645949633657008e-02 1.211388335778420195e-09
1.116986818467822530e-02 1.296281027209666917e-09
1.132541315152812630e-02 1.387064633552022441e-09
1.148312414543511094e-02 1.484147016105534259e-09
1.164303132920875561e-02 1.587965981471456008e-09
1.180516528568805595e-02 1.699000541026322228e-09
1.196955702359042868e-02 1.817755193239968867e-09
1.213623798344241715e-02 1.944767483999710297e-09
1.230524004359261590e-02 2.080612783745025369e-09
1.247659552630868418e-02 2.225906983274148790e-09
1.265033720395903824e-02 2.381309383525359862e-09
1.282649830528059809e-02 2.547525793364477167e-09
1.300511252173409786e-02 2.725311850427456068e-09
1.318621401394748545e-02 2.915476581156676442e-09
1.336983741824945317e-02 3.118886217340866916e-09
1.355601785329368925e-02 3.336468287721766533e-09
1.374479092677536630e-02 3.569216004577047347e-09
1.393619274224143501e-02 3.818192966632231558e-09
1.413025990599533696e-02 4.084538201200735259e-09
1.432702953409829491e-02 4.369471570112819548e-09
1.452653925946781159e-02 4.674299565772274333e-09
1.472882723907501835e-02 5.000421525589843527e-09
1.493393216124253367e-02 5.349336295089758396e-09
1.514189325304352018e-02 5.722649372179681886e-09
1.535275028780421110e-02 6.122080567431384864e-09
1.556654359271062056e-02 6.549472217741908692e-09
1.578331405652116590e-02 7.006797993454479718e-09
1.600310313738701612e-02 7.496172341922696400e-09
1.622595287078087284e-02 8.019860613613348339e-09
1.645190587753660866e-02 8.580279363773828025e-09
1.668100537200059227e-02 9.179631033557388978e-09
1.691329517029646970e-02 9.820402042361994088e-09
1.714881969870540868e-02 1.050542985319865050e-08
1.738762400216250364e-02 1.123774537039000061e-08
1.762975375287204050e-02 1.202058612048549612e-08
1.787525525904235316e-02 1.285741033357542056e-08
1.812417547374235716e-02 1.375191198677518995e-08
1.837656200388172387e-02 1.470803687591048416e-08
1.863246311931559748e-02 1.572999978598424426e-08
1.889192776207664418e-02 1.682230283588330070e-08
1.915500555573527997e-02 1.798975507798341073e-08
1.942174681489024571e-02 1.923749343888512260e-08
1.969220255479173579e-02 2.057100509346963341e-08
1.996642450109793396e-02 2.199615137082640770e-08
2.024446509976801645e-02 2.351919329742624153e-08
2.052637752709252084e-02 2.514681889018776218e-08
2.081221569986337061e-02 2.688617231988280176e-08
2.110203428568596662e-02 2.874488507365992736e-08
2.139588871343421628e-02 3.073102547725347834e-08
2.169383518385182077e-02 3.285277004473260659e-08
2.199593068030074663e-02 3.511917089939313553e-08
2.230223297965936227e-02 3.753995096503283046e-08
2.261280066337279654e-02 4.012547780428952746e-08
2.292769312865648723e-02 4.288680594323882321e-08
2.324697059985650349e-02 4.583572196232567355e-08
2.357069413996727703e-02 4.898479253446737197e-08
2.389892566231047871e-02 5.234741560306093119e-08
2.423172794237600514e-02 5.593787490525717866e-08
2.456916462982790261e-02 5.977139805936904301e-08
2.491130026067791062e-02 6.386421844966390954e-08
2.525820026962784584e-02 6.823364115710523132e-08
2.560993100258456695e-02 7.289811320098500506e-08
2.596655972934872394e-02 7.787729837378939160e-08
2.632815465648019951e-02 8.319191757562693957e-08
2.669478494034323648e-02 8.886344008230845565e-08
2.706652070033241375e-02 9.491527205268744175e-08
2.744343303228362688e-02 1.013723643018387213e-07
2.782559402207126012e-02 1.082612627639886624e-07
2.821307675939470697e-02 1.156102079390884721e-07
2.860595535175744844e-02 1.234492404132108417e-07
2.900430493863991738e-02 1.318103128180526751e-07
2.940820170587060689e-02 1.407274086166231619e-07
2.981772290019673449e-02 1.502366681251547136e-07
3.023294684405776478e-02 1.603765222056911455e-07
3.065395295056529829e-02 1.711878340896349760e-07
3.108082173869063797e-02 1.827139716456031703e-07
3.151363484866476217e-02 1.950002454121746242e-07
3.195247505759213347e-02 2.080951624622577128e-07
3.239742629528195167e-02 2.220503987446360286e-07
3.284857366030047299e-02 2.369208096057124960e-07
3.330600343624588733e-02 2.527646171427568295e-07
3.376980310825088150e-02 2.696436081045696946e-07
3.424006137971425529e-02 2.876233429035056700e-07
3.471686818926559420e-02 3.067733763310845898e-07
3.520031472796682215e-02 3.271674905989002418e-07
3.569049345675229939e-02 3.488839413572369795e-07
3.618749812411276717e-02 3.720050143468114722e-07
3.669142378402494298e-02 3.966172174634745417e-07
3.720236681413065932e-02 4.228130520024711845e-07
3.772042493417001457e-02 4.506904727048121310e-07
3.824569722466999305e-02 4.803531758906033290e-07
3.877828414589453571e-02 5.119109133422070406e-07
3.931828755705769896e-02 5.454798218026546386e-07
3.986581073580438422e-02 5.811827687525916348e-07
4.042095839796309986e-02 6.191497151476815250e-07
4.098383671757261509e-02 6.595180958164165084e-07
4.155455334718870936e-02 7.024330256639753486e-07
4.213321743847289053e-02 7.480457373332730268e-07
4.271993966306776580e-02 7.965167932751354140e-07
4.331483223376402653e-02 8.480160975403207513e-07
4.391800892596085804e-02 9.027228705728913769e-07
4.452958509942650522e-02 9.608260979787265445e-07
4.514967772036102001e-02 1.022524995965956043e-06
4.577840538376616586e-02 1.088029493622623582e-06
4.641588833612782239e-02 1.157560732143376002e-06
4.706224849841281199e-02 1.231351540381575372e-06
4.771760948938740671e-02 1.309645534654939775e-06
4.838209664925956915e-02 1.392699089429794259e-06
4.905583706365045787e-02 1.480782211584266627e-06
4.973895958790067878e-02 1.574178555783462414e-06
5.043159487171358646e-02 1.673185972890283365e-06
5.113387538414320560e-02 1.778117067587173130e-06
5.184593543892913187e-02 1.889299763881726514e-06
5.256791122018419221e-02 2.007077874994607912e-06
5.329994080844092930e-02 2.131811095024167310e-06
5.404216420705915125e-02 2.263875901912311844e-06
5.479472336900281099e-02 2.403666572136478854e-06
5.555776222398877556e-02 2.551595407802027777e-06
5.633142670601351543e-02 2.708093277296926580e-06
5.711586478126434718e-02 2.873610143057438949e-06
5.791122647641758214e-02 3.048615572154196494e-06
5.871766390733249713e-02 3.233599542117453906e-06
5.953533130814370189e-02 3.429073378014799053e-06
6.036438506075864074e-02 3.635569096020475849e-06
6.120498372476702864e-02 3.853640280002814948e-06
6.205728806776500406e-02 4.083862491568027467e-06
6.292146109610337323e-02 4.326833601199120545e-06
6.379766808606282535e-02 4.583174078669344706e-06
6.468607661546320331e-02 4.853529365842912024e-06
6.558685659571435178e-02 5.138568780926912452e-06
6.650018030431117944e-02 5.438984345322080256e-06
6.742622241778335745e-02 5.755491819852400029e-06
6.836516004510238831e-02 6.088830680122267042e-06
6.931717276155399676e-02 6.439763982527269275e-06
7.028244264308353140e-02 6.809081698619673265e-06
7.126115430111745752e-02 7.197599579853399861e-06
7.225349491787207146e-02 7.606155204794394763e-06
7.325965428215229502e-02 8.035609626013148242e-06
7.427982482564911282e-02 8.486846790033071878e-06
7.531420165974375691e-02 8.960773518126111882e-06
7.636298261282241373e-02 9.458325573870126506e-06
7.742636826811277739e-02 9.980459040336100193e-06
7.850456200204508628e-02 1.052815020430863980e-05
7.959777002314977201e-02 1.110239558730430418e-05
8.070620141149507931e-02 1.170421084932767593e-05
8.183006815867389927e-02 1.233463763944111642e-05
8.296958520834915585e-02 1.299473648175579898e-05
8.412497049736118726e-02 1.368558264889713711e-05
8.529644499741016739e-02 1.440826700966853245e-05
8.648423275731725868e-02 1.516389493068897641e-05
8.768856094587426653e-02 1.595359442724979450e-05
8.890965989529167612e-02 1.677850526500257445e-05
9.014776314524917955e-02 1.763977692734863614e-05
9.140310748756222403e-02 1.853856860453567961e-05
9.267593301146882789e-02 1.947605143326454626e-05
9.396648314954690606e-02 2.045341303647653055e-05
9.527500472427299916e-02 2.147184434499453093e-05
9.660174799522645850e-02 2.253254241695162242e-05
9.794696670695385299e-02 2.363671054458224316e-05
9.931091813749801100e-02 2.478556594685292686e-05
1.006938631476027024e-01 2.598032923230788826e-05
1.020960662306047567e-01 2.722222553992370342e-05
1.035177955630176283e-01 2.851248606498275179e-05
1.049593230558226592e-01 2.985235528279824897e-05
1.064209244064724669e-01 3.124308398767066498e-05
1.079028791516183639e-01 3.268593148659327879e-05
1.094054707205743548e-01 3.418216826180280537e-05
1.109289864895222771e-01 3.573308337160733877e-05
1.124737178364750845e-01 3.733998447893308362e-05
1.140399601970033122e-01 3.900420056255282045e-05
1.156280131207375328e-01 4.072708801893352309e-05
1.172381803286599716e-01 4.251003288518580362e-05
1.188707697711903349e-01 4.435445980603008615e-05
1.205260936870841404e-01 4.626184101174557239e-05
1.222044686631488658e-01 4.823370327814922154e-05
1.239062156947915577e-01 5.027162556387463396e-05
1.256316602474121524e-01 5.237726145954057220e-05
1.273811323186478384e-01 5.455235085965022762e-05
1.291549665014882775e-01 5.679872216419147097e-05
1.309535020482667789e-01 5.911829363713465280e-05
1.327770829355429116e-01 6.151311063969131605e-05
1.346260579298911020e-01 6.398535169068412110e-05
1.365007806546013891e-01 6.653731617425689103e-05
1.384016096573130183e-01 6.917146450220497541e-05
1.403289084785873109e-01 7.189043617061085059e-05
1.422830457214351862e-01 7.469703945078010597e-05
1.442643951218158804e-01 7.759426904320489951e-05
1.462733356201129931e-01 8.058533437867892221e-05
1.483102514336102906e-01 8.367365352623144586e-05
1.503755321299738434e-01 8.686287719233306268e-05
1.524695727017572888e-01 9.015689519089232931e-05
1.545927736419478449e-01 9.355983113014687297e-05
1.567455410205594868e-01 9.707606812114699191e-05
1.589282865622976271e-01 1.007102367964983741e-04
1.611414277253019889e-01 1.044672236534869534e-04
1.633853877809860466e-01 1.083521700750707213e-04
1.656605958949915192e-01 1.123704595692682844e-04
1.679674872092653259e-01 1.165277188148057644e-04
1.703065029252842644e-01 1.208298022102299304e-04
1.726780903884355955e-01 1.252827775326102342e-04
1.750827031735723294e-01 1.298929109486497604e-04
1.775208011717636092e-01 1.346666419266056224e-04
1.799928506782476345e-01 1.396105609088236468e-04
1.824993244816150439e-01 1.447313887766470727e-04
1.850407019542302245e-01 1.500359343638745977e-04
1.876174691439119468e-01 1.555310857230448045e-04
1.902301188668945875e-01 1.612237540548094492e-04
1.928791508020777645e-01 1.671208703294860102e-04
1.955650715865946965e-01 1.732293305230870673e-04
1.982883949127071388e-01 1.795559909464920160e-04
2.010496416260497132e-01 1.861076261674185603e-04
2.038493398252464173e-01 1.928909247770410011e-04
2.066880249629081956e-01 1.999124648724989273e-04
2.095662399480430760e-01 2.071787160820001206e-04
2.124845352498882789e-01 2.146960380296874236e-04
2.154434690031882260e-01 2.224706953570460889e-04
2.184436071149428449e-01 2.305088724039637495e-04
2.214855233726359396e-01 2.388167145091033439e-04
2.245697995539771563e-01 2.474003630049609933e-04
2.276970255381680075e-01 2.562660145793975333e-04
2.308677994187167404e-01 2.654199810585624870e-04
2.340827276178294447e-01 2.748687659102717266e-04
2.373424250023866144e-01 2.846191385257225838e-04
2.406475150015421616e-01 2.946782258153257889e-04
2.439986297259550130e-01 3.050535900045256042e-04
2.473964100886811568e-01 3.157533247371651611e-04
2.508415059277541159e-01 3.267861280404733772e-04
2.543345761304648400e-01 3.381613729265798792e-04
2.578762887593803455e-01 3.498891781673099904e-04
2.614673211801092356e-01 3.619804302165745237e-04
2.651083601908535980e-01 3.744468207139514562e-04
2.688001021537607671e-01 3.873008350379895828e-04
2.725432531281027915e-01 4.005557165325090833e-04
2.763385290053172461e-01 4.142254152567348673e-04
2.801866556459195468e-01 4.283244897842782397e-04
2.840883690183301225e-01 4.428679925885204913e-04
2.880444153396297668e-01 4.578713271772145142e-04
2.920555512182745339e-01 4.733500825843238598e-04
2.961225437988037612e-01 4.893198627025601008e-04
3.002461709085549324e-01 5.057960791269354526e-04
3.044272212064299543e-01 5.227937993243786255e-04
3.086664943337274480e-01 5.403275559663573216e-04
3.129648010670750269e-01 5.584112080005261764e-04
3.173229634734979765e-01 5.770578578353338694e-04
3.217418150676371602e-01 5.962797422227784786e-04
3.262222009711666648e-01 6.160882809441562726e-04
3.307649780744242318e-01 6.364940750468782524e-04
3.353710152002928879e-01 6.575070295996900951e-04
3.400411932703709672e-01 6.791365159882587366e-04
3.447764054734464012e-01 7.013915545362398377e-04
3.495775574363271798e-01 7.242810605986861302e-04
3.544455673970435816e-01 7.478140697300749784e-04
3.593813663804625858e-01 7.719999778229236437e-04
3.643858983763548220e-01 7.968487326836316050e-04
3.694601205199302685e-01 8.223709446092911796e-04
3.746050032748989289e-01 8.485779530214052719e-04
3.798215306190736440e-01 8.754817506347322168e-04
3.851107002325568907e-01 9.030947849468445128e-04
3.904735236885564231e-01 9.314296734603952008e-04
3.959110266468458539e-01 9.604987779162412484e-04
4.014242490499317917e-01 9.903136841469314250e-04
4.070142453219439127e-01 1.020884645109395054e-03
4.126820845702952045e-01 1.052220006498367361e-03
4.184288507901584575e-01 1.084325679027296980e-03
4.242556430717777105e-01 1.117204678564100422e-03
4.301635758106790441e-01 1.150856819143329353e-03
4.361537789208005944e-01 1.185278591710780746e-03
4.422273980505896929e-01 1.220463241181845085e-03
4.483855948021190918e-01 1.256401073267807925e-03
4.546295469532399269e-01 1.293079896223268488e-03
4.609604486828429160e-01 1.330485564088118621e-03
4.673795107992463338e-01 1.368602520537126653e-03
4.738879609717651098e-01 1.407414270482679934e-03
4.804870439655133940e-01 1.446903655152611016e-03
4.871780218794630746e-01 1.487052853835797630e-03
4.939621743878315763e-01 1.527843057041310560e-03
5.008407989848212560e-01 1.569253799198634843e-03
5.078152112327670720e-01 1.611262034266584169e-03
5.148867450137497581e-01 1.653841098506678587e-03
5.220567527846975420e-01 1.696959671419256618e-03
5.293266058360556192e-01 1.740580977837944982e-03
5.366976945540475885e-01 1.784662416122774270e-03
5.441714286865887429e-01 1.829155721747468492e-03
5.517492376129128351e-01 1.874007690615286980e-03
5.594325706169377410e-01 1.919161441989921182e-03
5.672228971644537321e-01 1.964557886175048295e-03
5.751217071841613349e-01 2.010137093781529799e-03
5.831305113526218387e-01 2.055839229356694071e-03
5.912508413831881748e-01 2.101604740124795190e-03
5.994842503189409255e-01 2.147373710718087844e-03
6.078323128297223876e-01 2.193084596166175113e-03
6.162966255132942273e-01 2.238672570948493489e-03
6.248788072006887795e-01 2.284068221878421661e-03
6.335804992658253809e-01 2.329197084170453892e-03
6.424033659394190465e-01 2.373980415309168059e-03
6.513490946272796345e-01 2.418337234353991946e-03
6.604193962330304757e-01 2.462187036031271078e-03
6.696160054853215193e-01 2.505452635362746816e-03
6.789406812696112681e-01 2.548061457861885461e-03
6.883952069645495886e-01 2.589945362064633230e-03
6.979813907830653141e-01 2.631038400959003886e-03
7.077010661181889484e-01 2.671273918830519966e-03
7.175560918936920718e-01 2.710582473371243254e-03
7.275483529196232757e-01 2.748892523799225523e-03
7.376797602527730424e-01 2.786133472623850312e-03
7.479522515621813694e-01 2.822240522819602013e-03
7.583677914997191127e-01 2.857158028625123806e-03
7.689283720758305352e-01 2.890839179740185491e-03
7.796360130405236566e-01 2.923241820720763953e-03
7.904927622696420464e-01 2.954323460889721805e-03
8.015006961565412924e-01 2.984039638679349821e-03
8.126619200091945716e-01 3.012347839479262001e-03
8.239785684528511123e-01 3.039214308199506432e-03
8.354528058382871825e-01 3.064617541609074812e-03
8.470868266557401993e-01 3.088544700077019284e-03
8.588828559546258790e-01 3.110983568564041658e-03
8.708431497690723999e-01 3.131919031422797026e-03
8.829699955494082486e-01 3.151338674192184341e-03
8.952657125996400511e-01 3.169242180321034646e-03
9.077326525210223096e-01 3.185641325359831431e-03
9.203731996618230715e-01 3.200549322231323671e-03
9.331897715733238341e-01 3.213974297973124557e-03
9.461848194721992344e-01 3.225927637895251773e-03
9.593608287093147169e-01 3.236434698595318151e-03
9.727203192450537550e-01 3.245527840951693485e-03
9.862658461312830971e-01 3.253232919673842722e-03
1.000000000000000000e+00 3.259575201108159872e-03
