9.999999999999999547e-07 0.000000000000000000e+00
1.149756995397735701e-06 6.845193402549802182e-30
1.321941148466028818e-06 3.177659966979165343e-29
1.519911082952933046e-06 8.299549554421849143e-29
1.747528400007682905e-06 1.716996247086077624e-28
2.009233002565045763e-06 3.131012886211267410e-28
2.310129700083158172e-06 5.277811298323042307e-28
2.656087782946684055e-06 7.945173741725015289e-28
3.053855508833412301e-06 9.724175602018431142e-28
3.511191734215127549e-06 9.964592022064056448e-28
4.037017258596557874e-06 3.290583868079310811e-27
4.641588833612781958e-06 6.489025960799485058e-27
5.336699231206313025e-06 2.303986316474188359e-26
6.135907273413175477e-06 5.217367240974948742e-26
7.054802310718645520e-06 1.057889957865288598e-25
8.111308307896872700e-06 2.066845396412900473e-25
9.326033468832199718e-06 3.935917545060348921e-25
1.072267222010323074e-05 7.311463364581994056e-25
1.232846739442065846e-05 1.325512445738899727e-24
1.417474162926804794e-05 2.348753087263058662e-24
1.629750834620643444e-05 4.076759536028397478e-24
1.873817422860383000e-05 6.948114652095837574e-24
2.154434690031886725e-05 1.243979992541171755e-23
2.477076355991713903e-05 2.444401859888500972e-23
2.848035868435804817e-05 4.795843504683635154e-23
3.274549162877731943e-05 9.108566895589643334e-23
3.764935806792471469e-05 1.741572045634720538e-22
4.328761281083061836e-05 3.428218796638530981e-22
4.977023564332113960e-05 6.683968350504901266e-22
5.722367659350220323e-05 1.324765880329702191e-21
6.579332246575682688e-05 3.192711877347545460e-21
7.564633275546290073e-05 1.133770701660936791e-20
8.697490026177834418e-05 3.068845443627450609e-20
1.000000000000000048e-04 6.814566221598590696e-20
1.149756995397735633e-04 1.343686370929671218e-19
1.321941148466028784e-04 2.457581933259069503e-19
1.519911082952933080e-04 4.274758325216692308e-19
1.747528400007684836e-04 7.180390923925939666e-19
2.009233002565047864e-04 1.176313936767638451e-18
2.310129700083160510e-04 2.046070899568309072e-18
2.656087782946686443e-04 3.839824342527603581e-18
3.053855508833415791e-04 7.239666512555835521e-18
3.511191734215130954e-04 1.338326384823556572e-17
4.037017258596553842e-04 2.561581176573465710e-17
4.641588833612782196e-04 4.982136620905771425e-17
5.336699231206312212e-04 9.716624386193521607e-17
6.135907273413176120e-04 1.912596491404394967e-16
7.054802310718645249e-04 4.455713640744339483e-16
8.111308307896872294e-04 1.118076979416663361e-15
9.326033468832199040e-04 2.530241357873913781e-15
1.072267222010323115e-03 5.238390999885810930e-15
1.232846739442065853e-03 1.021040844413696691e-14
1.417474162926804808e-03 1.913404291117110412e-14
1.629750834620645071e-03 3.495769857955634887e-14
1.873817422860385006e-03 6.283917190917259804e-14
2.154434690031884272e-03 1.130010478262006759e-13
2.477076355991711300e-03 2.158477999225969189e-13
2.848035868435802066e-03 4.230712480761751466e-13
3.274549162877728528e-03 8.277161094662790644e-13
3.764935806792467539e-03 1.615014584064724595e-12
4.328761281083061754e-03 3.198736528769110836e-12
4.977023564332113716e-03 6.346569069538975768e-12
5.722367659350220161e-03 1.263229773395065171e-11
6.579332246575681983e-03 2.516276014251116131e-11
7.564633275546290940e-03 5.016416014776063818e-11
8.697490026177834635e-03 1.001688938614582814e-10
1.000000000000000021e-02 2.000068709915698657e-10
1.149756995397735633e-02 3.975822550146119402e-10
1.321941148466028795e-02 7.867306964840883974e-10
1.519911082952933069e-02 1.552842627365664582e-09
1.747528400007682808e-02 3.063697537410079180e-09
2.009233002565045945e-02 6.029782931493838410e-09
2.310129700083158114e-02 1.181631611637344092e-08
2.656087782946689457e-02 2.303234283681957340e-08
3.053855508833418567e-02 4.460215948947343271e-08
3.511191734215134835e-02 8.566139275127181717e-08
4.037017258596557745e-02 1.628444129924538512e-07
4.641588833612782239e-02 3.056726162314194831e-07
5.336699231206312732e-02 5.648074610704493593e-07
6.135907273413175600e-02 1.023451046148014672e-06
7.054802310718645553e-02 1.810526786363540865e-06
8.111308307896872294e-02 3.110933843870797504e-06
9.326033468832199691e-02 5.164105124246474502e-06
1.072267222010323123e-01 8.243158529822079285e-06
1.232846739442065853e-01 1.262606770254950845e-05
1.417474162926804782e-01 1.861589175572203099e-05
1.629750834620643518e-01 2.669429397177376862e-05
1.873817422860382942e-01 3.775840873544168539e-05
2.154434690031886701e-01 5.306840423876844979e-05
2.477076355991713885e-01 7.370661394681768961e-05
2.848035868435804807e-01 1.006069515230358113e-04
3.274549162877731789e-01 1.354242901446289001e-04
3.764935806792471529e-01 1.791554024671536405e-04
4.328761281083061685e-01 2.310481144116472579e-04
4.977023564332113681e-01 2.876546425372690854e-04
5.722367659350220404e-01 3.397446955832633024e-04
6.579332246575682053e-01 3.721188746374623946e-04
7.564633275546290836e-01 3.678421591176728742e-04
8.697490026177834288e-01 3.178297851894839568e-04
1.000000000000000000e+00 2.302157391790338496e-04
