9.999999999999999547e-07 0.000000000000000000e+00
1.149756995397735701e-06 1.493531151735092982e-32
1.321941148466028818e-06 3.002762738950972962e-32
1.519911082952933046e-06 4.461405764782374043e-32
1.747528400007682905e-06 5.772833208849423851e-32
2.009233002565045763e-06 6.797278288731757047e-32
2.310129700083158172e-06 7.336144188500331375e-32
2.656087782946684055e-06 1.579158939565858077e-28
3.053855508833412301e-06 1.048338030569532521e-27
3.511191734215127549e-06 3.042268195448740004e-27
4.037017258596557874e-06 4.994618387004924332e-27
4.641588833612781958e-06 1.562463784341411305e-26
5.336699231206313025e-06 3.481106254298951955e-26
6.135907273413175477e-06 1.734629717418229893e-25
7.054802310718645520e-06 5.740655528628024265e-25
8.111308307896872700e-06 1.394544868045496382e-24
9.326033468832199718e-06 2.876088795066280570e-24
1.072267222010323074e-05 5.385900636581820239e-24
1.232846739442065846e-05 9.481886875445936773e-24
1.417474162926804794e-05 1.601056934833250179e-23
1.629750834620643444e-05 2.625533272851782516e-23
1.873817422860383000e-05 4.216096576584807504e-23
2.154434690031886725e-05 7.066480379420653309e-23
2.477076355991713903e-05 1.305040651839803733e-22
2.848035868435804817e-05 2.452348009439747672e-22
3.274549162877731943e-05 4.528945067977792913e-22
3.764935806792471469e-05 8.498865110904095405e-22
4.328761281083061836e-05 1.653866790350963797e-21
4.977023564332113960e-05 3.204254797297012653e-21
5.722367659350220323e-05 6.329083009300434035e-21
6.579332246575682688e-05 1.521101806593423311e-20
7.564633275546290073e-05 5.387969357760588339e-20
8.697490026177834418e-05 1.457233515530043921e-19
1.000000000000000048e-04 3.234924148754946474e-19
1.149756995397735633e-04 6.377778010280564762e-19
1.321941148466028784e-04 1.166423885092814599e-18
1.519911082952933080e-04 2.028861015191457891e-18
1.747528400007684836e-04 3.407920779732095936e-18
2.009233002565047864e-04 5.583031204949420221e-18
2.310129700083160510e-04 9.711271883305084998e-18
2.656087782946686443e-04 1.822532377456587736e-17
3.053855508833415791e-04 3.436281949588175699e-17
3.511191734215130954e-04 6.352384233673063499e-17
4.037017258596553842e-04 1.215869506027462106e-16
4.641588833612782196e-04 2.364818921218619443e-16
5.336699231206312212e-04 4.612116941382184145e-16
6.135907273413176120e-04 9.078420382096066179e-16
7.054802310718645249e-04 2.115060672299241186e-15
8.111308307896872294e-04 5.307608172201457376e-15
9.326033468832199040e-04 1.201159263372438699e-14
1.072267222010323115e-03 2.486807310233544366e-14
1.232846739442065853e-03 4.847186107281319960e-14
1.417474162926804808e-03 9.083511926189848456e-14
1.629750834620645071e-03 1.659545542878870656e-13
1.873817422860385006e-03 2.983151756505344627e-13
2.154434690031884272e-03 5.364470984523580423e-13
2.477076355991711300e-03 1.024708022990362535e-12
2.848035868435802066e-03 2.008524089250858170e-12
3.274549162877728528e-03 3.929660888437068554e-12
3.764935806792467539e-03 7.667620851992281553e-12
4.328761281083061754e-03 1.518720682784576672e-11
4.977023564332113716e-03 3.013386739139069775e-11
5.722367659350220161e-03 5.998169240085198677e-11
6.579332246575681983e-03 1.194864544876582821e-10
7.564633275546290940e-03 2.382227719498608639e-10
8.697490026177834635e-03 4.757319491010990764e-10
1.000000000000000021e-02 9.500008385554811024e-10
1.149756995397735633e-02 1.888677640681983499e-09
1.321941148466028795e-02 3.737750837646104808e-09
1.519911082952933069e-02 7.378691820234306482e-09
1.747528400007682808e-02 1.456056931183044185e-08
2.009233002565045945e-02 2.866365822218520043e-08
2.310129700083158114e-02 5.618636791622643230e-08
2.656087782946689457e-02 1.095550577697323489e-07
3.053855508833418567e-02 2.122405890325558891e-07
3.511191734215134835e-02 4.078288084549521264e-07
4.037017258596557745e-02 7.757817903034791570e-07
4.641588833612782239e-02 1.457360553059579837e-06
5.336699231206312732e-02 2.695546671212528892e-06
6.135907273413175600e-02 4.890723737031502484e-06
7.054802310718645553e-02 8.666409565635549588e-06
8.111308307896872294e-02 1.492404498494576934e-05
9.326033468832199691e-02 2.484728837680111134e-05
1.072267222010323123e-01 3.982204237962759779e-05
1.232846739442065853e-01 6.132995968501908364e-05
1.417474162926804782e-01 9.109137382661750112e-05
1.629750834620643518e-01 1.318691223493907987e-04
1.873817422860382942e-01 1.887231542439652722e-04
2.154434690031886701e-01 2.689883496742618294e-04
2.477076355991713885e-01 3.800554839006195181e-04
2.848035868435804807e-01 5.299807133896639565e-04
3.274549162877731789e-01 7.322753372974355381e-04
3.764935806792471529e-01 1.000277274205316810e-03
4.328761281083061685e-01 1.342759269921260049e-03
4.977023564332113681e-01 1.759299552846110663e-03
5.722367659350220404e-01 2.223021632379674605e-03
6.579332246575682053e-01 2.672550143085452006e-03
7.564633275546290836e-01 3.021504677630806445e-03
8.697490026177834288e-01 3.196097518809829906e-03
1.000000000000000000e+00 3.175643623952922878e-03
