9.999999999999999547e-07 0.000000000000000000e+00
1.013925407558814200e-06 8.631408185631480429e-08
1.028044732093309784e-06 1.738301080084503019e-07
1.042360673976401061e-06 2.625648156135243730e-07
1.056875971184804981e-06 3.525351748901989332e-07
1.071593399822671139e-06 4.437583923625925054e-07
1.086515774652537176e-06 5.362519141506915112e-07
1.101645949633656974e-06 6.300334293064454382e-07
1.116986818467822540e-06 7.251208731963073643e-07
1.132541315152812586e-06 8.215324309310008044e-07
1.148312414543511196e-06 9.192865408428330573e-07
1.164303132920875528e-06 1.018401898011629938e-06
1.180516528568805485e-06 1.118897457839624778e-06
1.196955702359042833e-06 1.220792439676102990e-06
1.213623798344241863e-06 1.324106330492675487e-06
1.230524004359261563e-06 1.428858888609475716e-06
1.247659552630868398e-06 1.535070147473489033e-06
1.265033720395903716e-06 1.642760419489302411e-06
1.282649830528059960e-06 1.751950299903199425e-06
1.300511252173409911e-06 1.862660670741488221e-06
1.318621401394748467e-06 1.974912704803424153e-06
1.336983741824945150e-06 2.088727869709952724e-06
1.355601785329368979e-06 2.204127932008660800e-06
1.374479092677536677e-06 2.321134961335878821e-06
1.393619274224143468e-06 2.439771334636891177e-06
1.413025990599533632e-06 2.560059740444652830e-06
1.432702953409829350e-06 2.682023183218316637e-06
1.452653925946781160e-06 2.805684987742001655e-06
1.472882723907501804e-06 2.931068803584791758e-06
1.493393216124253301e-06 3.058198609622996265e-06
1.514189325304352035e-06 3.187098718625118950e-06
1.535275028780421201e-06 3.317793781900900871e-06
1.556654359271061967e-06 3.450308794014929964e-06
1.578331405652116571e-06 3.584669097565846580e-06
1.600310313738701654e-06 3.720900388032279107e-06
1.622595287078087214e-06 3.859028718685966259e-06
1.645190587753660682e-06 3.999080505573539851e-06
1.668100537200059127e-06 4.141082532567503387e-06
1.691329517029647040e-06 4.285061956487473727e-06
1.714881969870540874e-06 4.431046312292968240e-06
1.738762400216250434e-06 4.579063518348144867e-06
1.762975375287203917e-06 4.729141881760144256e-06
1.787525525904235397e-06 4.881310103791551524e-06
1.812417547374235695e-06 5.035597285348188045e-06
1.837656200388172474e-06 5.192032932543525835e-06
1.863246311931559818e-06 5.350646962340213281e-06
1.889192776207664423e-06 5.511469708270501982e-06
1.915500555573527830e-06 5.674531926236045665e-06
1.942174681489024486e-06 5.839864800388454377e-06
1.969220255479173340e-06 6.007499949091931240e-06
1.996642450109793374e-06 6.177469430968566085e-06
2.024446509976801877e-06 6.349805751028131624e-06
2.052637752709252226e-06 6.524541866882971705e-06
2.081221569986337122e-06 6.701711195049396197e-06
2.110203428568596572e-06 6.881347617337047875e-06
2.139588871343421664e-06 7.063485487326816423e-06
2.169383518385181950e-06 7.248159636939323140e-06
2.199593068030074676e-06 7.435405383094582810e-06
2.230223297965936432e-06 7.625258534464335208e-06
2.261280066337279372e-06 7.817755398318961395e-06
2.292769312865648563e-06 8.012932787469160119e-06
2.324697059985650290e-06 8.210828027303364361e-06
2.357069413996727979e-06 8.411478962924493665e-06
2.389892566231047836e-06 8.614923966385822871e-06
2.423172794237600507e-06 8.821201944027273390e-06
2.456916462982790237e-06 9.030352343913807515e-06
2.491130026067791046e-06 9.242415163377635097e-06
2.525820026962784695e-06 9.457430956664988127e-06
2.560993100258456944e-06 9.675440842689760388e-06
2.596655972934872394e-06 9.896486512894757555e-06
2.632815465648020122e-06 1.012061023922239582e-05
2.669478494034323617e-06 1.034785488219661253e-05
2.706652070033241224e-06 1.057826389911682577e-05
2.744343303228362398e-06 1.081188135236640432e-05
2.782559402207125977e-06 1.104875191783646278e-05
2.821307675939470909e-06 1.128892089346688447e-05
2.860595535175744707e-06 1.153243420790656751e-05
2.900430493863991580e-06 1.177933842929370739e-05
2.940820170587060722e-06 1.202968077415876206e-05
2.981772290019673234e-06 1.228350911645101438e-05
3.023294684405776334e-06 1.254087199669075126e-05
3.065395295056530018e-06 1.280181863124916693e-05
3.108082173869063814e-06 1.306639892175688975e-05
3.151363484866476280e-06 1.333466346464400256e-05
3.195247505759213607e-06 1.360666356081244737e-05
3.239742629528195378e-06 1.388245122544305589e-05
3.284857366030047033e-06 1.416207919793945370e-05
3.330600343624588548e-06 1.444560095200973271e-05
3.376980310825087979e-06 1.473307070588908512e-05
3.424006137971425541e-06 1.502454343270424087e-05
3.471686818926559579e-06 1.532007487098217173e-05
3.520031472796682339e-06 1.561972153505623834e-05
3.569049345675229473e-06 1.592354072689933873e-05
3.618749812411276882e-06 1.623159054548342590e-05
3.669142378402493899e-06 1.654392989898100216e-05
3.720236681413065725e-06 1.686061851574370289e-05
3.772042493417001451e-06 1.718171695572000930e-05
3.824569722466998750e-06 1.750728662203109885e-05
3.877828414589453094e-06 1.783738977270857382e-05
3.931828755705770305e-06 1.817208953259493877e-05
3.986581073580438997e-06 1.851144990540976785e-05
4.042095839796309714e-06 1.885553578598421823e-05
4.098383671757261184e-06 1.920441297266506521e-05
4.155455334718879651e-06 1.955814817989210818e-05
4.213321743847289341e-06 1.991680905094980435e-05
4.271993966306776970e-06 2.028046417089711154e-05
4.331483223376402566e-06 2.064918307967669180e-05
4.391800892596086187e-06 2.102303628540655586e-05
4.452958509942660131e-06 2.140209527785713991e-05
4.514967772036101769e-06 2.178643254211511939e-05
4.577840538376616169e-06 2.217612157243817444e-05
4.641588833612781958e-06 2.257123688630193354e-05
4.706224849841281354e-06 2.297185403864236496e-05
4.771760948938750521e-06 2.337804963629738363e-05
4.838209664925956952e-06 2.378990135264791382e-05
4.905583706365045857e-06 2.420748794246252444e-05
4.973895958790067320e-06 2.463088925695003123e-05
5.043159487171358525e-06 2.506018625902047578e-05
5.113387538414331605e-06 2.549546103875925196e-05
5.184593543892912765e-06 2.593679682911547075e-05
5.256791122018419569e-06 2.638427802180964550e-05
5.329994080844093235e-06 2.683799018346184981e-05
5.404216420705915271e-06 2.729802007194446784e-05
5.479472336900292930e-06 2.776445565296287101e-05
5.555776222398877724e-06 2.823738611686599979e-05
5.633142670601352205e-06 2.871690189569158045e-05
5.711586478126434863e-06 2.920309468044795522e-05
5.791122647641757912e-06 2.969605743863607699e-05
5.871766390733261702e-06 3.019588443201633025e-05
5.953533130814370033e-06 3.070267123462103230e-05
6.036438506075863713e-06 3.121651475101871337e-05
6.120498372476703066e-06 3.173751323483189662e-05
6.205728806776500758e-06 3.226576630751213238e-05
6.292146109610350494e-06 3.280137497737724652e-05
6.379766808606282652e-06 3.334444165891195522e-05
6.468607661546320942e-06 3.389507019233831044e-05
6.558685659571435694e-06 3.445336586345748066e-05
6.650018030431117999e-06 3.501943542376744736e-05
6.742622241778348883e-06 3.559338711086144230e-05
6.836516004510238809e-06 3.617533066910867017e-05
6.931717276155400522e-06 3.676537737062409328e-05
7.028244264308352554e-06 3.736364003652894495e-05
7.126115430111745365e-06 3.797023305850681001e-05
7.225349491787221566e-06 3.858527242066053071e-05
7.325965428215230423e-06 3.920887572167163220e-05
7.427982482564910469e-06 3.984116219726927411e-05
7.531420165974375663e-06 4.048225274301082901e-05
7.636298261282241959e-06 4.113226993737906137e-05
7.742636826811276894e-06 4.179133806520170767e-05
7.850456200204509316e-06 4.245958314139497544e-05
7.959777002314978321e-06 4.313713293503890976e-05
8.070620141149507638e-06 4.382411699378638238e-05
8.183006815867388940e-06 4.452066666861156485e-05
8.296958520834915102e-06 4.522691513890348964e-05
8.412497049736117495e-06 4.594299743790695577e-05
8.529644499741016815e-06 4.666905047851875458e-05
8.648423275731726255e-06 4.740521307944147215e-05
8.768856094587426870e-06 4.815162599170097382e-05
8.890965989529167165e-06 4.890843192553347965e-05
9.014776314524917239e-06 4.967577557764498878e-05
9.140310748756222539e-06 5.045380365885125879e-05
9.267593301146882451e-06 5.124266492210079296e-05
9.396648314954690500e-06 5.204251019088759831e-05
9.527500472427300024e-06 5.285349238805988741e-05
9.660174799522645609e-06 5.367576656502759044e-05
9.794696670695385670e-06 5.450948993137764927e-05
9.931091813749799848e-06 5.535482188489968875e-05
1.006938631476027116e-05 5.621192404202915340e-05
1.020960662306047607e-05 5.708096026871465841e-05
1.035177955630176194e-05 5.796209671171265865e-05
1.049593230558226690e-05 5.885550183031892918e-05
1.064209244064724650e-05 5.976134642853970331e-05
1.079028791516183681e-05 6.067980368770996269e-05
1.094054707205743495e-05 6.161104919956644863e-05
1.109289864895222712e-05 6.255526099977815925e-05
1.124737178364750747e-05 6.351261960194494417e-05
1.140399601970033156e-05 6.448330803206705629e-05
1.156280131207375302e-05 6.546751186349388028e-05
1.172381803286599682e-05 6.646541925235960335e-05
1.188707697711903343e-05 6.747722097350906739e-05
1.205260936870841401e-05 6.850311045692505105e-05
1.222044686631488650e-05 6.954328382466024798e-05
1.239062156947915659e-05 7.059793992828228943e-05
1.256316602474121465e-05 7.166728038684057995e-05
1.273811323186478452e-05 7.275150962535826627e-05
1.291549665014882683e-05 7.385083491386132003e-05
1.309535020482667643e-05 7.496546640694825789e-05
1.327770829355429101e-05 7.609561718390948437e-05
1.346260579298911035e-05 7.724150328940560873e-05
1.365007806546013744e-05 7.840334377470834068e-05
1.384016096573130180e-05 7.958136073951674523e-05
1.403289084785873161e-05 8.077577937435258335e-05
1.422830457214351858e-05 8.198682800354452360e-05
1.442643951218158844e-05 8.321473812881110426e-05
1.462733356201129868e-05 8.445974447344621388e-05
1.483102514336102853e-05 8.572208502712110327e-05
1.503755321299738461e-05 8.700200109130664251e-05
1.524695727017572978e-05 8.829973732532619057e-05
1.545927736419478539e-05 8.961554179305017713e-05
1.567455410205594862e-05 9.094966601023586595e-05
1.589282865622976477e-05 9.230236499252753295e-05
1.611414277253019959e-05 9.367389730412104334e-05
1.633853877809860416e-05 9.506452510710419843e-05
1.656605958949915094e-05 9.647451421148392449e-05
1.679674872092653225e-05 9.790413412590507421e-05
1.703065029252842484e-05 9.935365810907626351e-05
1.726780903884356100e-05 1.008233632219033535e-04
1.750827031735723228e-05 1.023135303803480062e-04
1.775208011717636033e-05 1.038244444090416989e-04
1.799928506782476521e-05 1.053563940956144988e-04
1.824993244816150412e-05 1.069096722457898394e-04
1.850407019542302264e-05 1.084845757392425224e-04
1.876174691439119540e-05 1.100814055862313942e-04
1.902301188668945850e-05 1.117004669850207529e-04
1.928791508020777896e-05 1.133420693800946870e-04
1.955650715865946999e-05 1.150065265211828167e-04
1.982883949127071257e-05 1.166941565231027246e-04
2.010496416260496873e-05 1.184052819264324918e-04
2.038493398252464128e-05 1.201402297590275435e-04
2.066880249629082024e-05 1.218993315983871287e-04
2.095662399480430758e-05 1.236829236348897484e-04
2.124845352498882828e-05 1.254913467359032358e-04
2.154434690031882321e-05 1.273249465107839239e-04
2.184436071149428344e-05 1.291840733767801719e-04
2.214855233726359179e-05 1.310690826258457150e-04
2.245697995539771554e-05 1.329803344923838142e-04
2.276970255381680078e-05 1.349181942219281028e-04
2.308677994187167203e-05 1.368830321407755253e-04
2.340827276178294449e-05 1.388752237265880379e-04
2.373424250023866352e-05 1.408951496799686000e-04
2.406475150015421866e-05 1.429431959970339544e-04
2.439986297259550131e-05 1.450197540429906196e-04
2.473964100886811809e-05 1.471252206267306825e-04
2.508415059277541105e-05 1.492599980764647391e-04
2.543345761304648090e-05 1.514244943163985970e-04
2.578762887593798400e-05 1.536191229444772383e-04
2.614673211801091967e-05 1.558443033112030113e-04
2.651083601908536211e-05 1.581004605995463990e-04
2.688001021537607461e-05 1.603880259059670111e-04
2.725432531281027978e-05 1.627074363225523336e-04
2.763385290053166867e-05 1.650591350202997433e-04
2.801866556459195316e-05 1.674435713335486434e-04
2.840883690183301088e-05 1.698612008455823450e-04
2.880444153396297702e-05 1.723124854754193183e-04
2.920555512182745176e-05 1.747978935658010510e-04
2.961225437988031288e-05 1.773178999724040513e-04
3.002461709085549186e-05 1.798729861542837502e-04
3.044272212064305779e-05 1.824636402655710888e-04
3.086664943337274645e-05 1.850903572484404705e-04
3.129648010670750265e-05 1.877536389273647675e-04
3.173229634734972955e-05 1.904539941046734584e-04
3.217418150676371437e-05 1.931919386574353352e-04
3.262222009711673420e-05 1.959679956356805521e-04
3.307649780744242331e-05 1.987826953619839716e-04
3.353710152002928861e-05 2.016365755324270195e-04
3.400411932703702948e-05 2.045301813189543663e-04
3.447764054734463976e-05 2.074640654731491507e-04
3.495775574363278547e-05 2.104387884314421701e-04
3.544455673970435463e-05 2.134549184217783731e-04
3.593813663804625562e-05 2.165130315717591963e-04
3.643858983763540501e-05 2.196137120182788225e-04
3.694601205199302477e-05 2.227575520186784845e-04
3.746050032748996612e-05 2.259451520634361897e-04
3.798215306190736308e-05 2.291771209904171257e-04
3.851107002325568519e-05 2.324540761007032883e-04
3.904735236885555739e-05 2.357766432760229579e-04
3.959110266468458876e-05 2.391454570978053681e-04
4.014242490499325976e-05 2.425611609678787533e-04
4.070142453219438740e-05 2.460244072308393967e-04
4.126820845702951608e-05 2.495358572981114091e-04
4.184288507901584570e-05 2.530961817737191412e-04
4.242556430717776958e-05 2.567060605817965153e-04
4.301635758106799609e-05 2.603661830958639307e-04
4.361537789208005635e-05 2.640772482698821233e-04
4.422273980505896747e-05 2.678399647711250989e-04
4.483855948021190816e-05 2.716550511148822789e-04
4.546295469532399562e-05 2.755232358010208105e-04
4.609604486828438810e-05 2.794452574524390522e-04
4.673795107992463778e-05 2.834218649554233211e-04
4.738879609717651056e-05 2.874538176019506204e-04
4.804870439655133953e-05 2.915418852339496532e-04
4.871780218794630613e-05 2.956868483895529198e-04
4.939621743878325959e-05 2.998894984513728566e-04
5.008407989848212116e-05 3.041506377968145416e-04
5.078152112327670659e-05 3.084710799504719646e-04
5.148867450137497919e-05 3.128516497386193561e-04
5.220567527846975100e-05 3.172931834458337860e-04
5.293266058360566627e-05 3.217965289737838362e-04
5.366976945540475778e-05 3.263625460021979527e-04
5.441714286865887681e-05 3.309921061520615382e-04
5.517492376129128718e-05 3.356860931510514045e-04
5.594325706169377268e-05 3.404454030012653721e-04
5.672228971644549213e-05 3.452709441492617624e-04
5.751217071841613668e-05 3.501636376584261849e-04
5.831305113526218489e-05 3.551244173837281217e-04
5.912508413831881030e-05 3.601542301488780450e-04
5.994842503189408905e-05 3.652540359259221457e-04
6.078323128297236501e-05 3.704248080173193434e-04
6.162966255132942199e-05 3.756675332405139123e-04
6.248788072006888211e-05 3.809832121150582597e-04
6.335804992658254750e-05 3.863728590523063475e-04
6.424033659394190888e-05 3.918375025477144032e-04
6.513490946272809873e-05 3.973781853757981427e-04
6.604193962330304700e-05 4.029959647877577817e-04
6.696160054853215278e-05 4.086919127118349105e-04
6.789406812696112826e-05 4.144671159564146780e-04
6.883952069645495682e-05 4.203226764159225057e-04
6.979813907830667650e-05 4.262597112795581599e-04
7.077010661181888922e-05 4.322793532428858285e-04
7.175560918936921718e-05 4.383827507223462313e-04
7.275483529196232206e-05 4.445710680727051837e-04
7.376797602527730984e-05 4.508454858074909801e-04
7.479522515621828658e-05 4.572072008224664598e-04
7.583677914997190089e-05 4.636574266221577629e-04
7.689283720758305352e-05 4.701973935495053734e-04
7.796360130405236585e-05 4.768283490186581543e-04
7.904927622696420267e-05 4.835515577509624189e-04
8.015006961565413965e-05 4.903683020141984044e-04
8.126619200091945365e-05 4.972798818650829046e-04
8.239785684528511741e-05 5.042876153951138469e-04
8.354528058382871408e-05 5.113928389797738365e-04
8.470868266557402936e-05 5.185969075311515396e-04
8.588828559546259111e-05 5.259011947540342480e-04
8.708431497690723578e-05 5.333070934054945020e-04
8.829699955494083421e-05 5.408160155580492680e-04
8.952657125996401179e-05 5.484293928664098856e-04
9.077326525210223113e-05 5.561486768378879437e-04
9.203731996618230639e-05 5.639753391065115140e-04
9.331897715733238812e-05 5.719108717108758099e-04
9.461848194721991974e-05 5.799567873758152249e-04
9.593608287093146887e-05 5.881146197979136630e-04
9.727203192450537027e-05 5.963859239349205994e-04
9.862658461312830713e-05 6.047722762991372724e-04
1.000000000000000048e-04 6.132752752547927398e-04
1.013925407558815276e-04 6.218965413195032569e-04
1.028044732093309733e-04 6.306377174698349266e-04
1.042360673976401179e-04 6.395004694510469240e-04
1.056875971184803998e-04 6.484864860910650617e-04
1.071593399822671198e-04 6.575974796187340505e-04
1.086515774652538379e-04 6.668351859864193616e-04
1.101645949633656949e-04 6.762013651970076979e-04
1.116986818467822557e-04 6.856978016353647287e-04
1.132541315152811519e-04 6.953263044043181754e-04
1.148312414543511137e-04 7.050887076652113516e-04
1.164303132920876748e-04 7.149868709831043532e-04
1.180516528568805612e-04 7.250226796766746137e-04
1.196955702359042841e-04 7.351980451728805767e-04
1.213623798344240533e-04 7.455149053664585253e-04
1.230524004359261579e-04 7.559752249843031992e-04
1.247659552630869643e-04 7.665809959548131915e-04
1.265033720395903835e-04 7.773342377822551165e-04
1.282649830528059917e-04 7.882369979262173485e-04
1.300511252173408420e-04 7.992913521862242366e-04
1.318621401394748458e-04 8.104994050915681524e-04
1.336983741824946607e-04 8.218632902964419836e-04
1.355601785329368979e-04 8.333851709804335510e-04
1.374479092677536609e-04 8.450672402544538286e-04
1.393619274224142113e-04 8.569117215721765981e-04
1.413025990599533599e-04 8.689208691470480831e-04
1.432702953409830901e-04 8.810969683749588291e-04
1.452653925946781202e-04 8.934423362626375690e-04
1.472882723907501770e-04 9.059593218618481724e-04
1.493393216124251827e-04 9.186503067094694761e-04
1.514189325304352018e-04 9.315177052735220710e-04
1.535275028780422768e-04 9.445639654052379996e-04
1.556654359271062154e-04 9.577915687972396062e-04
1.578331405652118053e-04 9.712030314479111340e-04
1.600310313738700137e-04 9.848009041320460091e-04
1.622595287078087002e-04 9.985877728778513440e-04
1.645190587753662351e-04 1.012566259450386639e-03
1.668100537200059119e-04 1.026739021841530574e-03
1.691329517029648683e-04 1.041108754766554168e-03
1.714881969870539155e-04 1.055678190167388562e-03
1.738762400216250527e-04 1.070450097722675138e-03
1.762975375287205730e-04 1.085427285364680373e-03
1.787525525904235457e-04 1.100612599803153270e-03
1.812417547374237711e-04 1.116008927055968814e-03
1.837656200388170424e-04 1.131619192987678513e-03
1.863246311931559835e-04 1.147446363854731383e-03
1.889192776207666380e-04 1.163493446857984679e-03
1.915500555573527931e-04 1.179763490702754377e-03
1.942174681489026468e-04 1.196259586166372249e-03
1.969220255479171443e-04 1.212984866673359665e-03
1.996642450109793374e-04 1.229942508878312029e-03
2.024446509976803791e-04 1.247135733256587737e-03
2.052637752709252192e-04 1.264567804702915058e-03
2.081221569986339392e-04 1.282242033138003903e-03
2.110203428568594353e-04 1.300161774123273929e-03
2.139588871343421563e-04 1.318330429483805443e-03
2.169383518385184322e-04 1.336751447939598346e-03
2.199593068030074913e-04 1.355428325745275256e-03
2.230223297965938634e-04 1.374364607338310383e-03
2.261280066337277204e-04 1.393563885995906422e-03
2.292769312865648647e-04 1.413029804500628983e-03
2.324697059985647986e-04 1.432766055814895271e-03
2.357069413996727843e-04 1.452776383764448846e-03
2.389892566231050343e-04 1.473064583730924332e-03
2.423172794237598237e-04 1.493634503353611807e-03
2.456916462982790305e-04 1.514490043240553346e-03
2.491130026067788590e-04 1.535635157689059765e-03
2.525820026962784779e-04 1.557073855415803476e-03
2.560993100258459536e-04 1.578810200296577003e-03
2.596655972934869836e-04 1.600848312115850727e-03
2.632815465648020189e-04 1.623192367326259334e-03
2.669478494034321025e-04 1.645846599818114953e-03
2.706652070033241072e-04 1.668815301699107028e-03
2.744343303228365160e-04 1.692102824084289322e-03
2.782559402207125773e-04 1.715713577896490431e-03
2.821307675939470740e-04 1.739652034677276627e-03
2.860595535175741895e-04 1.763922727408604937e-03
2.900430493863991868e-04 1.788530251345275520e-03
2.940820170587063703e-04 1.813479264858345111e-03
2.981772290019673471e-04 1.838774490289619501e-03
3.023294684405776131e-04 1.864420714817345386e-03
3.065395295056526901e-04 1.890422791332390350e-03
3.108082173869063645e-04 1.916785639327938957e-03
3.151363484866479448e-04 1.943514245799960165e-03
3.195247505759213607e-04 1.970613666158655113e-03
3.239742629528195514e-04 1.998089025152343517e-03
3.284857366030043374e-04 2.025945517803422451e-03
3.330600343624588820e-04 2.054188410356512853e-03
3.376980310825091164e-04 2.082823041238979819e-03
3.424006137971425897e-04 2.111854822033953308e-03
3.471686818926559680e-04 2.141289238465994560e-03
3.520031472796678832e-04 2.171131851399586872e-03
3.569049345675229896e-04 2.201388297850557021e-03
3.618749812411280490e-04 2.232064292010633305e-03
3.669142378402493712e-04 2.263165626285262074e-03
3.720236681413065759e-04 2.294698172344847124e-03
3.772042493416997554e-04 2.326667882189585417e-03
3.824569722466999088e-04 2.359080789228023157e-03
3.877828414589457430e-04 2.391943009369539973e-03
3.931828755705770373e-04 2.425260742130889123e-03
3.986581073580438726e-04 2.459040271756969369e-03
4.042095839796305953e-04 2.493287968356008074e-03
4.098383671757261184e-04 2.528010289049279543e-03
4.155455334718875077e-04 2.563213779135587594e-03
4.213321743847288901e-04 2.598905073270632061e-03
4.271993966306776428e-04 2.635090896561970587e-03
4.331483223376398229e-04 2.671778066192274839e-03
4.391800892596086085e-04 2.708973491994921302e-03
4.452958509942655184e-04 2.746684178150710001e-03
4.514967772036101870e-04 2.784917224323750582e-03
4.577840538376616304e-04 2.823679826933881993e-03
4.641588833612777317e-04 2.862979280445243288e-03
4.706224849841281286e-04 2.902822978671120921e-03
4.771760948938746048e-04 2.943218416095321442e-03
4.838209664925957392e-04 2.984173189210198411e-03
4.905583706365045484e-04 3.025694997871546024e-03
4.973895958790062848e-04 3.067791646670548107e-03
5.043159487171358559e-04 3.110471046322931671e-03
5.113387538414325981e-04 3.153741215075573073e-03
5.184593543892913273e-04 3.197610280130694285e-03
5.256791122018424686e-04 3.242086479087867828e-03
5.329994080844087509e-04 3.287178161404011225e-03
5.404216420705914865e-04 3.332893789871580869e-03
5.479472336900287170e-04 3.379241942115112762e-03
5.555776222398877860e-04 3.426231312100513036e-03
5.633142670601357050e-04 3.473870711668864027e-03
5.711586478126429341e-04 3.522169072105710633e-03
5.791122647641758691e-04 3.571135445702878705e-03
5.871766390733255264e-04 3.620779007349589004e-03
5.953533130814370406e-04 3.671109056143443718e-03
6.036438506075870319e-04 3.722135017021158468e-03
6.120498372476696662e-04 3.773866442409266192e-03
6.205728806776500623e-04 3.826313013895014069e-03
6.292146109610343785e-04 3.879484543917590539e-03
6.379766808606282449e-04 3.933390977479973849e-03
6.468607661546327617e-04 3.988042393881540901e-03
6.558685659571429020e-04 4.043449008471675793e-03
6.650018030431118507e-04 4.099621174424571482e-03
6.742622241778341904e-04 4.156569384535427521e-03
6.836516004510238267e-04 4.214304273038254646e-03
6.931717276155407569e-04 4.272836617445512596e-03
7.028244264308345507e-04 4.332177340409749423e-03
7.126115430111745839e-04 4.392337511607505990e-03
7.225349491787214518e-04 4.453328349645600988e-03
7.325965428215230456e-04 4.515161223990133907e-03
7.427982482564917787e-04 4.577847656918300479e-03
7.531420165974367972e-04 4.641399325493285148e-03
7.636298261282241416e-04 4.705828063562445679e-03
7.742636826811269846e-04 4.771145863778937339e-03
7.850456200204509452e-04 4.837364879647075046e-03
7.959777002314985571e-04 4.904497427591563569e-03
8.070620141149498694e-04 4.972555989050846462e-03
8.183006815867389754e-04 5.041553212594773216e-03
8.296958520834906564e-04 5.111501916066756371e-03
8.412497049736117902e-04 5.182415088750685732e-03
8.529644499741025759e-04 5.254305893562761023e-03
8.648423275731718192e-04 5.327187669268442470e-03
8.768856094587426870e-04 5.401073932724778648e-03
8.890965989529158288e-04 5.475978381148207882e-03
9.014776314524917782e-04 5.551914894408158455e-03
9.140310748756232161e-04 5.628897537346549095e-03
9.267593301146882789e-04 5.706940562123443902e-03
9.396648314954690433e-04 5.786058410589023024e-03
9.527500472427289724e-04 5.866265716682100666e-03
9.660174799522645676e-04 5.947577308855322292e-03
9.794696670695395360e-04 6.030008212527304678e-03
9.931091813749799713e-04 6.113573652561856732e-03
1.006938631476027041e-03 6.198289055774477974e-03
1.020960662306046604e-03 6.284170053466340243e-03
1.035177955630176309e-03 6.371232483985873191e-03
1.049593230558227598e-03 6.459492395318209429e-03
1.064209244064724582e-03 6.548966047702616845e-03
1.079028791516183647e-03 6.639669916278077670e-03
1.094054707205742438e-03 6.731620693757243284e-03
1.109289864895222780e-03 6.824835293128828084e-03
1.124737178364752007e-03 6.919330850388716488e-03
1.140399601970033122e-03 7.015124727299860280e-03
1.156280131207375458e-03 7.112234514181135434e-03
1.172381803286598597e-03 7.210678032725352689e-03
1.188707697711903228e-03 7.310473338846454859e-03
1.205260936870842505e-03 7.411638725556174076e-03
1.222044686631488684e-03 7.514192725870181069e-03
1.239062156947915577e-03 7.618154115743892146e-03
1.256316602474120232e-03 7.723541917038088261e-03
1.273811323186478574e-03 7.830375400514335768e-03
1.291549665014883998e-03 7.938674088860495082e-03
1.309535020482667771e-03 8.048457759746297305e-03
1.327770829355428986e-03 8.159746448909087693e-03
1.346260579298909571e-03 8.272560453269930253e-03
1.365007806546013683e-03 8.386920334079974587e-03
1.384016096573131502e-03 8.502846920097340000e-03
1.403289084785873256e-03 8.620361310794476956e-03
1.422830457214352027e-03 8.739484879596068345e-03
1.442643951218157373e-03 8.860239277147602399e-03
1.462733356201129922e-03 8.982646434614478467e-03
1.483102514336104337e-03 9.106728567011891998e-03
1.503755321299738400e-03 9.232508176565356467e-03
1.524695727017573053e-03 9.360008056101929916e-03
1.545927736419476940e-03 9.489251292472175581e-03
1.567455410205594903e-03 9.620261270002724782e-03
1.589282865622978049e-03 9.753061673979591256e-03
1.611414277253019837e-03 9.887676494162028762e-03
1.633853877809862123e-03 1.002413002832702044e-02
1.656605958949913414e-03 1.016244688584420561e-02
1.679674872092653225e-03 1.030265199128134121e-02
1.703065029252844422e-03 1.044477058803995086e-02
1.726780903884356060e-03 1.058882824202134892e-02
1.750827031735725098e-03 1.073485084532270657e-02
1.775208011717634149e-03 1.088286461996309726e-02
1.799928506782476562e-03 1.103289612163980971e-02
1.824993244816152391e-03 1.118497224351534119e-02
1.850407019542302115e-03 1.133912022002888167e-02
1.876174691439121437e-03 1.149536763074194244e-02
1.902301188668943871e-03 1.165374240421199366e-02
1.928791508020777801e-03 1.181427282189462594e-02
1.955650715865949168e-03 1.197698752207414924e-02
1.982883949127071596e-03 1.214191550382255971e-02
2.010496416260499231e-03 1.230908613098640261e-02
2.038493398252461987e-03 1.247852913620127804e-02
2.066880249629082268e-03 1.265027462493368421e-02
2.095662399480432980e-03 1.282435307954962397e-02
2.124845352498882720e-03 1.300079536340991056e-02
2.154434690031884272e-03 1.317963272499145244e-02
2.184436071149426298e-03 1.336089680203421046e-02
2.214855233726359396e-03 1.354461962571340550e-02
2.245697995539773940e-03 1.373083362483627431e-02
2.276970255381679901e-03 1.391957163006310276e-02
2.308677994187169520e-03 1.411086687815178362e-02
2.340827276178291793e-03 1.430475301622540461e-02
2.373424250023866040e-03 1.450126410606227510e-02
2.406475150015424062e-03 1.470043462840757084e-02
2.439986297259550199e-03 1.490229948730617017e-02
2.473964100886814031e-03 1.510689401445576736e-02
2.508415059277538557e-03 1.531425397357958663e-02
2.543345761304648036e-03 1.552441556481795430e-02
2.578762887593801043e-03 1.573741542913773689e-02
2.614673211801091940e-03 1.595329065275900848e-02
2.651083601908538895e-03 1.617207877159791696e-02
2.688001021537604791e-03 1.639381777572476023e-02
2.725432531281027707e-03 1.661854611383650412e-02
2.763385290053169997e-03 1.684630269774236785e-02
2.801866556459195207e-03 1.707712690686178161e-02
2.840883690183303948e-03 1.731105859273334921e-02
2.880444153396298067e-03 1.754813808353376109e-02
2.920555512182745027e-03 1.778840618860538444e-02
2.961225437988034351e-03 1.803190420299141325e-02
3.002461709085549064e-03 1.827867391197699962e-02
3.044272212064302961e-03 1.852875759567537695e-02
3.086664943337274428e-03 1.878219803379244796e-02
3.129648010670750373e-03 1.903903850973388129e-02
3.173229634734976452e-03 1.929932281530100102e-02
3.217418150676371654e-03 1.956309525529162721e-02
3.262222009711669788e-03 1.983040065204825370e-02
3.307649780744242440e-03 2.010128435000154909e-02
3.353710152002928671e-03 2.037579222020762665e-02
3.400411932703706255e-03 2.065397066487727543e-02
3.447764054734464220e-03 2.093586662189501207e-02
3.495775574363275268e-03 2.122152756932635387e-02
3.544455673970435625e-03 2.151100152991100578e-02
3.593813663804625805e-03 2.180433707553994585e-02
3.643858983763544404e-03 2.210158333171436187e-02
3.694601205199302477e-03 2.240278998198383734e-02
3.746050032748993088e-03 2.270800727236191655e-02
3.798215306190736145e-03 2.301728601571633240e-02
3.851107002325568872e-03 2.333067759613145775e-02
3.904735236885560103e-03 2.364823397324062118e-02
3.959110266468458469e-03 2.397000768652520625e-02
4.014242490499322046e-03 2.429605185957831731e-02
4.070142453219439092e-03 2.462642020432979223e-02
4.126820845702951907e-03 2.496116702522979333e-02
4.184288507901580585e-03 2.530034722338808661e-02
4.242556430717777174e-03 2.564401630066550156e-02
4.301635758106795056e-03 2.599223036368028886e-02
4.361537789208005771e-03 2.634504612773621440e-02
4.422273980505896963e-03 2.670252092093300042e-02
4.483855948021185991e-03 2.706471268795203333e-02
4.546295469532399616e-03 2.743167999385122402e-02
4.609604486828434121e-03 2.780348202780032196e-02
4.673795107992463616e-03 2.818017860674388100e-02
4.738879609717651029e-03 2.856183017898816789e-02
4.804870439655129291e-03 2.894849782770795785e-02
4.871780218794630885e-03 2.934024327436871027e-02
4.939621743878320863e-03 2.973712888206036728e-02
5.008407989848212387e-03 3.013921765873781022e-02
5.078152112327670442e-03 3.054657326036374146e-02
5.148867450137492065e-03 3.095925999394927297e-02
5.220567527846975073e-03 3.137734282048705581e-02
5.293266058360561639e-03 3.180088735777254066e-02
5.366976945540476510e-03 3.222995988310785320e-02
5.441714286865893292e-03 3.266462733588324646e-02
5.517492376129123216e-03 3.310495732137218317e-02
5.594325706169377133e-03 3.355101810713643357e-02
5.672228971644543115e-03 3.400287863470327632e-02
5.751217071841613696e-03 3.446060851491375421e-02
5.831305113526225048e-03 3.492427803156707145e-02
5.912508413831875365e-03 3.539395814314825334e-02
5.994842503189408769e-03 3.586972048439261013e-02
6.078323128297229670e-03 3.635163736767996201e-02
6.162966255132942307e-03 3.683978178425270644e-02
6.248788072006894283e-03 3.733422740525042111e-02
6.335804992658247703e-03 3.783504858255409831e-02
6.424033659394191159e-03 3.834232034943314826e-02
6.513490946272802555e-03 3.885611842098716379e-02
6.604193962330305243e-03 3.937651919437574338e-02
6.696160054853222271e-03 3.990359974882802530e-02
6.789406812696105291e-03 4.043743784530242497e-02
6.883952069645496441e-03 4.097811192564032590e-02
6.979813907830660115e-03 4.152570111284283050e-02
7.077010661181889518e-03 4.208028520972658532e-02
7.175560918936928385e-03 4.264194469763232798e-02
7.275483529196225159e-03 4.321076073494035941e-02
7.376797602527730875e-03 4.378681515530680191e-02
7.479522515621821015e-03 4.437019046561028329e-02
7.583677914997190468e-03 4.496096984360072046e-02
7.689283720758313158e-03 4.555923713523953034e-02
7.796360130405228725e-03 4.616507685172159536e-02
7.904927622696419562e-03 4.677857416616897773e-02
8.015006961565405291e-03 4.739981490998539104e-02
8.126619200091946341e-03 4.802888556886134724e-02
8.239785684528520143e-03 4.866587327841874477e-02
8.354528058382862735e-03 4.931086581948377484e-02
8.470868266557402340e-03 4.996395161297698118e-02
8.588828559546249353e-03 5.062521971440822610e-02
8.708431497690724554e-03 5.129475980796557866e-02
8.829699955494091715e-03 5.197266220018523231e-02
8.952657125996391421e-03 5.265901781319037162e-02
9.077326525210224414e-03 5.335391817748658810e-02
9.203731996618221695e-03 5.405745542430001604e-02
9.331897715733238757e-03 5.476972227744632965e-02
9.461848194722002545e-03 5.549081204471608547e-02
9.593608287093146128e-03 5.622081860876316367e-02
9.727203192450536648e-03 5.695983641748224302e-02
9.862658461312821118e-03 5.770796047386121674e-02
1.000000000000000021e-02 5.846528632529335301e-02
1.013925407558814371e-02 5.923191005233529455e-02
1.028044732093309765e-02 6.000792825689536814e-02
1.042360673976401239e-02 6.079343804983598776e-02
1.056875971184804974e-02 6.158853703797653734e-02
1.071593399822671176e-02 6.239332331047783842e-02
1.086515774652537306e-02 6.320789542459498422e-02
1.101645949633657008e-02 6.403235239077947893e-02
1.116986818467822530e-02 6.486679365711453538e-02
1.132541315152812630e-02 6.571131909306783536e-02
1.148312414543511094e-02 6.656602897254096374e-02
1.164303132920875561e-02 6.743102395712589903e-02
1.180516528568805595e-02 6.830640508362084695e-02
1.196955702359042868e-02 6.919227373340573750e-02
1.213623798344241715e-02 7.008873161586541556e-02
1.230524004359261590e-02 7.099588074912642488e-02
1.247659552630868418e-02 7.191382343853376657e-02
1.265033720395903824e-02 7.284266225429503194e-02
1.282649830528059809e-02 7.378250000827263344e-02
1.300511252173409786e-02 7.473343972990578732e-02
1.318621401394748545e-02 7.569558464123726793e-02
1.336983741824945317e-02 7.666903813102873833e-02
1.355601785329368925e-02 7.765390372793917750e-02
1.374479092677536630e-02 7.865028507274618441e-02
1.393619274224143501e-02 7.965828588958946688e-02
1.413025990599533696e-02 8.067800995620995341e-02
1.432702953409829491e-02 8.170956107316644512e-02
1.452653925946781159e-02 8.275304303200226030e-02
1.472882723907501835e-02 8.380855958233990322e-02
1.493393216124253367e-02 8.487621439788087252e-02
1.514189325304352018e-02 8.595611104128215996e-02
1.535275028780421110e-02 8.704835292788916379e-02
1.556654359271062056e-02 8.815304328829540181e-02
1.578331405652116590e-02 8.927028512970450191e-02
1.600310313738701612e-02 9.040018119606989255e-02
1.622595287078087284e-02 9.154283392698088495e-02
1.645190587753660866e-02 9.269834541690252783e-02
1.668100537200059227e-02 9.386681742968631947e-02
1.691329517029646970e-02 9.504835127855050525e-02
1.714881969870540868e-02 9.624304777139452982e-02
1.738762400216250364e-02 9.745100718955820862e-02
1.762975375287204050e-02 9.867232923894721230e-02
1.787525525904235316e-02 9.990711299973308035e-02
1.812417547374235716e-02 1.011554568746012156e-01
1.837656200388172387e-02 1.024174585355182715e-01
1.863246311931559748e-02 1.036932148689848066e-01
1.889192776207664418e-02 1.049828219197479484e-01
1.915500555573527997e-02 1.062863748329378466e-01
1.942174681489024571e-02 1.076039677945980766e-01
1.969220255479173579e-02 1.089356939705791449e-01
1.996642450109793396e-02 1.102816454437569732e-01
2.024446509976801645e-02 1.116419131495480221e-01
2.052637752709252084e-02 1.130165868096813242e-01
2.081221569986337061e-02 1.144057548641933264e-01
2.110203428568596662e-02 1.158095044016111824e-01
2.139588871343421628e-02 1.172279211037544205e-01
2.169383518385182077e-02 1.186610892437953840e-01
2.199593068030074663e-02 1.201090914673481891e-01
2.230223297965936227e-02 1.215720087632679858e-01
2.261280066337279654e-02 1.230499203978599465e-01
2.292769312865648723e-02 1.245429038341476641e-01
2.324697059985650349e-02 1.260510346491248712e-01
2.357069413996727703e-02 1.275743864489443657e-01
2.389892566231047871e-02 1.291130307820108347e-01
2.423172794237600514e-02 1.306670370499299350e-01
2.456916462982790261e-02 1.322364724162738425e-01
2.491130026067791062e-02 1.338214017131206524e-01
2.525820026962784584e-02 1.354218873453168770e-01
2.560993100258456695e-02 1.370379891924223825e-01
2.596655972934872394e-02 1.386697645082833330e-01
2.632815465648019951e-02 1.403172678686469832e-01
2.669478494034323648e-02 1.419805511488267946e-01
2.706652070033241375e-02 1.436596631844018757e-01
2.744343303228362688e-02 1.453546497637885349e-01
2.782559402207126012e-02 1.470655535261790603e-01
2.821307675939470697e-02 1.487924138478653180e-01
2.860595535175744844e-02 1.505352667260224098e-01
2.900430493863991738e-02 1.522941446598995996e-01
2.940820170587060689e-02 1.540690765293789843e-01
2.981772290019673449e-02 1.558600874708456208e-01
3.023294684405776478e-02 1.576671987503213690e-01
3.065395295056529829e-02 1.594904276338121318e-01
3.108082173869063797e-02 1.613297872703390035e-01
3.151363484866476217e-02 1.631852866998970419e-01
3.195247505759213347e-02 1.650569304996095388e-01
3.239742629528195167e-02 1.669447186835120722e-01
3.284857366030047299e-02 1.688486465938310865e-01
3.330600343624588733e-02 1.707687047562659877e-01
3.376980310825088150e-02 1.727048787323882950e-01
3.424006137971425529e-02 1.746571489691114976e-01
3.471686818926559420e-02 1.766254906451951989e-01
3.520031472796682215e-02 1.786098735147466643e-01
3.569049345675229939e-02 1.806102617476733896e-01
3.618749812411276717e-02 1.826266139033327629e-01
3.669142378402494298e-02 1.846588827806713573e-01
3.720236681413065932e-02 1.867070149620184139e-01
3.772042493417001457e-02 1.887709508047775986e-01
3.824569722466999305e-02 1.908506242725981905e-01
3.877828414589453571e-02 1.929459627616933182e-01
3.931828755705769896e-02 1.950568869243995418e-01
3.986581073580438422e-02 1.971833104900002631e-01
4.042095839796309986e-02 1.993251400828402464e-01
4.098383671757261509e-02 2.014822750377558147e-01
4.155455334718870936e-02 2.036546072471865643e-01
4.213321743847289053e-02 2.058420213242623253e-01
4.271993966306776580e-02 2.080443939160664113e-01
4.331483223376402653e-02 2.102615935884193932e-01
4.391800892596085804e-02 2.124934807186785179e-01
4.452958509942650522e-02 2.147399073057371099e-01
4.514967772036102001e-02 2.170007167789598790e-01
4.577840538376616586e-02 2.192757438062945541e-01
4.641588833612782239e-02 2.215648141018289607e-01
4.706224849841281199e-02 2.238677442386304839e-01
4.771760948938740671e-02 2.261843416516464700e-01
4.838209664925956915e-02 2.285144042517149310e-01
4.905583706365045787e-02 2.308577201922652755e-01
4.973895958790067878e-02 2.332140677567242915e-01
5.043159487171358646e-02 2.355832151771899419e-01
5.113387538414320560e-02 2.379649204563248077e-01
5.184593543892913187e-02 2.403589311931665085e-01
5.256791122018419221e-02 2.427649844135750801e-01
5.329994080844092930e-02 2.451828063875213792e-01
5.404216420705915125e-02 2.476121124820726271e-01
5.479472336900281099e-02 2.500526070255183475e-01
5.555776222398877556e-02 2.525039831549725222e-01
5.633142670601351543e-02 2.549659226841911042e-01
5.711586478126434718e-02 2.574380959826221282e-01
5.791122647641758214e-02 2.599201618671916347e-01
5.871766390733249713e-02 2.624117673473446710e-01
5.953533130814370189e-02 2.649125473057304947e-01
6.036438506075864074e-02 2.674221249896882036e-01
6.120498372476702864e-02 2.699401117240244341e-01
6.205728806776500406e-02 2.724661068595062297e-01
6.292146109610337323e-02 2.749996977586018909e-01
6.379766808606282535e-02 2.775404598004953538e-01
6.468607661546320331e-02 2.800879556986280994e-01
6.558685659571435178e-02 2.826417359773794047e-01
6.650018030431117944e-02 2.852013394790661183e-01
6.742622241778335745e-02 2.877662931398512480e-01
6.836516004510238831e-02 2.903361121220522922e-01
6.931717276155399676e-02 2.929102999856232348e-01
7.028244264308353140e-02 2.954883478716451850e-01
7.126115430111745752e-02 2.980697349763041792e-01
7.225349491787207146e-02 3.006539298408711369e-01
7.325965428215229502e-02 3.032403900411148601e-01
7.427982482564911282e-02 3.058285625225108384e-01
7.531420165974375691e-02 3.084178837940334539e-01
7.636298261282241373e-02 3.110077784953526048e-01
7.742636826811277739e-02 3.135976619209597249e-01
7.850456200204508628e-02 3.161869402668890938e-01
7.959777002314977201e-02 3.187750108465328136e-01
8.070620141149507931e-02 3.213612626202954625e-01
8.183006815867389927e-02 3.239450746950372495e-01
8.296958520834915585e-02 3.265258184205381831e-01
8.412497049736118726e-02 3.291028587291298657e-01
8.529644499741016739e-02 3.316755542080744856e-01
8.648423275731725868e-02 3.342432576878278105e-01
8.768856094587426653e-02 3.368053145441243235e-01
8.890965989529167612e-02 3.393610657446191614e-01
9.014776314524917955e-02 3.419098487043594203e-01
9.140310748756222403e-02 3.444509976503428716e-01
9.267593301146882789e-02 3.469838434700597829e-01
9.396648314954690606e-02 3.495077130181235003e-01
9.527500472427299916e-02 3.520219327056146597e-01
9.660174799522645850e-02 3.545258282458355614e-01
9.794696670695385299e-02 3.570187250773392273e-01
9.931091813749801100e-02 3.594999470317187806e-01
1.006938631476027024e-01 3.619688192645283964e-01
1.020960662306047567e-01 3.644246684746501042e-01
1.035177955630176283e-01 3.668668230571479061e-01
1.049593230558226592e-01 3.692946120159504853e-01
1.064209244064724669e-01 3.717073670216319847e-01
1.079028791516183639e-01 3.741044224520110872e-01
1.094054707205743548e-01 3.764851153397082983e-01
1.109289864895222771e-01 3.788487843914987718e-01
1.124737178364750845e-01 3.811947704638120604e-01
1.140399601970033122e-01 3.835224164935187030e-01
1.156280131207375328e-01 3.858310667531215099e-01
1.172381803286599716e-01 3.881200672175610933e-01
1.188707697711903349e-01 3.903887640244730339e-01
1.205260936870841404e-01 3.926365020325600086e-01
1.222044686631488658e-01 3.948626240215863392e-01
1.239062156947915577e-01 3.970664722470762520e-01
1.256316602474121524e-01 3.992473838368258421e-01
1.273811323186478384e-01 4.014046889582377209e-01
1.291549665014882775e-01 4.035377112887648665e-01
1.309535020482667789e-01 4.056457687233945841e-01
1.327770829355429116e-01 4.077281656456969161e-01
1.346260579298911020e-01 4.097841926350042630e-01
1.365007806546013891e-01 4.118131304017483840e-01
1.384016096573130183e-01 4.138142417366223458e-01
1.403289084785873109e-01 4.157867686200102941e-01
1.422830457214351862e-01 4.177299357404873903e-01
1.442643951218158804e-01 4.196429478571299110e-01
1.462733356201129931e-01 4.215249848699870183e-01
1.483102514336102906e-01 4.233752044290182148e-01
1.503755321299738434e-01 4.251927382984941883e-01
1.524695727017572888e-01 4.269766924460310364e-01
1.545927736419478449e-01 4.287261496688090090e-01
1.567455410205594868e-01 4.304401660717926403e-01
1.589282865622976271e-01 4.321177750526460914e-01
1.611414277253019889e-01 4.337579877125857797e-01
1.633853877809860466e-01 4.353597950499010216e-01
1.656605958949915192e-01 4.369221724444906085e-01
1.679674872092653259e-01 4.384440822623478784e-01
1.703065029252842644e-01 4.399244785234797672e-01
1.726780903884355955e-01 4.413623131350376538e-01
1.750827031735723294e-01 4.427565407225229066e-01
1.775208011717636092e-01 4.441061268596853129e-01
1.799928506782476345e-01 4.454100552486331965e-01
1.824993244816150439e-01 4.466673336816930906e-01
1.850407019542302245e-01 4.478770067253129428e-01
1.876174691439119468e-01 4.490381583534087673e-01
1.902301188668945875e-01 4.501499275221506058e-01
1.928791508020777645e-01 4.512115095790178998e-01
1.955650715865946965e-01 4.522221708749651348e-01
1.982883949127071388e-01 4.531812506584182443e-01
2.010496416260497132e-01 4.540881720698287660e-01
2.038493398252464173e-01 4.549424439361703376e-01
2.066880249629081956e-01 4.557436672153318269e-01
2.095662399480430760e-01 4.564915352728315390e-01
2.124845352498882789e-01 4.571858347133288536e-01
2.154434690031882260e-01 4.578264425959568951e-01
2.184436071149428449e-01 4.584133233791117812e-01
2.214855233726359396e-01 4.589465201743320177e-01
2.245697995539771563e-01 4.594261470268502512e-01
2.276970255381680075e-01 4.598523763204768744e-01
2.308677994187167404e-01 4.602254257550069116e-01
2.340827276178294447e-01 4.605455421297084406e-01
2.373424250023866144e-01 4.608129859041383836e-01
2.406475150015421616e-01 4.610280120000080362e-01
2.439986297259550130e-01 4.611908546569100098e-01
2.473964100886811568e-01 4.613017080898565436e-01
2.508415059277541159e-01 4.613607135733369669e-01
2.543345761304648400e-01 4.613679472086772426e-01
2.578762887593803455e-01 4.613234084827030901e-01
2.614673211801092356e-01 4.612270204445923505e-01
2.651083601908535980e-01 4.610786268118810538e-01
2.688001021537607671e-01 4.608780007604352802e-01
2.725432531281027915e-01 4.606248592315294599e-01
2.763385290053172461e-01 4.603188813779640065e-01
2.801866556459195468e-01 4.599597372105134196e-01
2.840883690183301225e-01 4.595471197394246365e-01
2.880444153396297668e-01 4.590807834683790500e-01
2.920555512182745339e-01 4.585605867134349145e-01
2.961225437988037612e-01 4.579865342520963445e-01
3.002461709085549324e-01 4.573588289392489514e-01
3.044272212064299543e-01 4.566779052451994669e-01
3.086664943337274480e-01 4.559444749727343260e-01
3.129648010670750269e-01 4.551595566882645216e-01
3.173229634734979765e-01 4.543244919250486458e-01
3.217418150676371602e-01 4.534409666018330287e-01
3.262222009711666648e-01 4.525109952153912318e-01
3.307649780744242318e-01 4.515369162547689941e-01
3.353710152002928879e-01 4.505213584291242190e-01
3.400411932703709672e-01 4.494671998605783703e-01
3.447764054734464012e-01 4.483775216407642761e-01
3.495775574363271798e-01 4.472555496045778067e-01
3.544455673970435816e-01 4.461046028255907792e-01
3.593813663804625858e-01 4.449280395881130001e-01
3.643858983763548220e-01 4.437292177874879728e-01
3.694601205199302685e-01 4.425114756142381478e-01
3.746050032748989289e-01 4.412781232741358473e-01
3.798215306190736440e-01 4.400324690435217234e-01
3.851107002325568907e-01 4.387778725259234291e-01
3.904735236885564231e-01 4.375178165873601643e-01
3.959110266468458539e-01 4.362560093314273302e-01
4.014242490499317917e-01 4.349965027900919434e-01
4.070142453219439127e-01 4.337438153494118653e-01
4.126820845702952045e-01 4.325030514433312878e-01
4.184288507901584575e-01 4.312800048216174353e-01
4.242556430717777105e-01 4.300812390893565818e-01
4.301635758106790441e-01 4.289141268081450020e-01
4.361537789208005944e-01 4.277868419292462643e-01
4.422273980505896929e-01 4.267083031185971431e-01
4.483855948021190918e-01 4.256880635741964181e-01
4.546295469532399269e-01 4.247361735893471768e-01
4.609604486828429160e-01 4.238630247084873015e-01
4.673795107992463338e-01 4.230791976981898017e-01
4.738879609717651098e-01 4.223953340312872617e-01
4.804870439655133940e-01 4.218220575761190139e-01
4.871780218794630746e-01 4.213699625240248103e-01
4.939621743878315763e-01 4.210496756246412953e-01
5.008407989848212560e-01 4.208719918738150212e-01
5.078152112327670720e-01 4.208480563779870565e-01
5.148867450137497581e-01 4.209895594947730135e-01
5.220567527846975420e-01 4.213089143788492641e-01
5.293266058360556192e-01 4.218193613762417082e-01
5.366976945540475885e-01 4.225349598920247196e-01
5.441714286865887429e-01 4.234704504944341030e-01
5.517492376129128351e-01 4.246409894702080634e-01
5.594325706169377410e-01 4.260617680642773686e-01
5.672228971644537321e-01 4.277476074874378420e-01
5.751217071841613349e-01 4.297126016989565866e-01
5.831305113526218387e-01 4.319698793745296306e-01
5.912508413831881748e-01 4.345315532359109167e-01
5.994842503189409255e-01 4.374088584802294788e-01
6.078323128297223876e-01 4.406124190740883240e-01
6.162966255132942273e-01 4.441525765020559180e-01
6.248788072006887795e-01 4.480396026400880749e-01
6.335804992658253809e-01 4.522836884701165183e-01
6.424033659394190465e-01 4.568946557788139962e-01
6.513490946272796345e-01 4.618813794095307790e-01
6.604193962330304757e-01 4.672511235919358796e-01
6.696160054853215193e-01 4.730088968825552076e-01
6.789406812696112681e-01 4.791572334087533247e-01
6.883952069645495886e-01 4.856963323164280588e-01
6.979813907830653141e-01 4.926246513903980162e-01
7.077010661181889484e-01 4.999395989352069525e-01
7.175560918936920718e-01 5.076379396604405736e-01
7.275483529196232757e-01 5.157155525161488674e-01
7.376797602527730424e-01 5.241666726917890706e-01
7.479522515621813694e-01 5.329828377183107868e-01
7.583677914997191127e-01 5.421522981751598635e-01
7.689283720758305352e-01 5.516603626506271230e-01
7.796360130405236566e-01 5.614905696710578153e-01
7.904927622696420464e-01 5.716258958910441779e-01
8.015006961565412924e-01 5.820490632806600839e-01
8.126619200091945716e-01 5.927415821173727117e-01
8.239785684528511123e-01 6.036823021523325394e-01
8.354528058382871825e-01 6.148469665864321199e-01
8.470868266557401993e-01 6.262094281312678978e-01
8.588828559546258790e-01 6.377436761334419613e-01
8.708431497690723999e-01 6.494245330317630627e-01
8.829699955494082486e-01 6.612262743235671758e-01
8.952657125996400511e-01 6.731207087559205604e-01
9.077326525210223096e-01 6.850776833032370394e-01
9.203731996618230715e-01 6.970678493282649324e-01
9.331897715733238341e-01 7.090639982275644959e-01
9.461848194721992344e-01 7.210389490592871153e-01
9.593608287093147169e-01 7.329634348884673800e-01
9.727203192450537550e-01 7.448082783025060660e-01
9.862658461312830971e-01 7.565474578701053554e-01
1.000000000000000000e+00 7.681563438964060797e-01
