9.999999999999999547e-07 0.000000000000000000e+00
1.149756995397735701e-06 8.819605601034250099e-07
1.321941148466028818e-06 1.895998860253590896e-06
1.519911082952933046e-06 3.061893814510762636e-06
1.747528400007682905e-06 4.402386157951358666e-06
2.009233002565045763e-06 5.943621932562685344e-06
2.310129700083158172e-06 7.715662366517025256e-06
2.656087782946684055e-06 9.753070082737664426e-06
3.053855508833412301e-06 1.209558305833102559e-05
3.511191734215127549e-06 1.478888946371261854e-05
4.037017258596557874e-06 1.788551847297985978e-05
4.641588833612781958e-06 2.144586439321042654e-05
5.336699231206313025e-06 2.553936404400744057e-05
6.135907273413175477e-06 3.024585030998365811e-05
7.054802310718645520e-06 3.565710819107042919e-05
8.111308307896872700e-06 4.187866361519315998e-05
9.326033468832199718e-06 4.903183978412360738e-05
1.072267222010323074e-05 5.725612100333800066e-05
1.232846739442065846e-05 6.671186989315566924e-05
1.417474162926804794e-05 7.758345070333286925e-05
1.629750834620643444e-05 9.008281928472205080e-05
1.873817422860383000e-05 1.044536492552432477e-04
2.154434690031886725e-05 1.209760741982629598e-04
2.477076355991713903e-05 1.399721375412985892e-04
2.848035868435804817e-05 1.618120552956950808e-04
3.274549162877731943e-05 1.869214123199173258e-04
3.764935806792471469e-05 2.157894305098660411e-04
4.328761281083061836e-05 2.489784675896110334e-04
4.977023564332113960e-05 2.871349283433903121e-04
5.722367659350220323e-05 3.310017965741468516e-04
6.579332246575682688e-05 3.814330262259361688e-04
7.564633275546290073e-05 4.394100644403344663e-04
8.697490026177834418e-05 5.060608183570360161e-04
1.000000000000000048e-04 5.826814217578041777e-04
1.149756995397735633e-04 6.707612078267099131e-04
1.321941148466028784e-04 7.720113509620952878e-04
1.519911082952933080e-04 8.883977043914344750e-04
1.747528400007684836e-04 1.022178431952263560e-03
2.009233002565047864e-04 1.175947112417780483e-03
2.310129700083160510e-04 1.352682083641748708e-03
2.656087782946686443e-04 1.555802892149259643e-03
3.053855508833415791e-04 1.789234821412096768e-03
3.511191734215130954e-04 2.057482588665342834e-03
4.037017258596553842e-04 2.365714425324621974e-03
4.641588833612782196e-04 2.719857888510475268e-03
5.336699231206312212e-04 3.126708886165061214e-03
6.135907273413176120e-04 3.594055534129305535e-03
7.054802310718645249e-04 4.130818592377534688e-03
8.111308307896872294e-04 4.747210341998716644e-03
9.326033468832199040e-04 5.454913849487217151e-03
1.072267222010323115e-03 6.267284594237057700e-03
1.232846739442065853e-03 7.199576411385725898e-03
1.417474162926804808e-03 8.269193556695161526e-03
1.629750834620645071e-03 9.495970412693587048e-03
1.873817422860385006e-03 1.090247985888520912e-02
2.154434690031884272e-03 1.251437054947234992e-02
2.477076355991711300e-03 1.436073218688438055e-02
2.848035868435802066e-03 1.647448617659965503e-02
3.274549162877728528e-03 1.889279676450044201e-02
3.764935806792467539e-03 2.165749456033062154e-02
4.328761281083061754e-03 2.481550012879229702e-02
4.977023564332113716e-03 2.841922931830449459e-02
5.722367659350220161e-03 3.252695531443325350e-02
6.579332246575681983e-03 3.720309243527854248e-02
7.564633275546290940e-03 4.251835531789357331e-02
8.697490026177834635e-03 4.854973263204701711e-02
1.000000000000000021e-02 5.538019698311291011e-02
1.149756995397735633e-02 6.309805216938241257e-02
1.321941148466028795e-02 7.179579844354426477e-02
1.519911082952933069e-02 8.156837306350400718e-02
1.747528400007682808e-02 9.251059787770976595e-02
2.009233002565045945e-02 1.047136485230227704e-01
2.310129700083158114e-02 1.182603590910984992e-01
2.656087782946689457e-02 1.332191887277291709e-01
3.053855508833418567e-02 1.496367118954200215e-01
3.511191734215134835e-02 1.675285936603531090e-01
4.037017258596557745e-02 1.868691585161846858e-01
4.641588833612782239e-02 2.075798917703590152e-01
5.336699231206312732e-02 2.295175199138045075e-01
6.135907273413175600e-02 2.524627060487515395e-01
7.054802310718645553e-02 2.761108164874294113e-01
8.111308307896872294e-02 3.000666318936394128e-01
9.326033468832199691e-02 3.238452702659295190e-01
1.072267222010323123e-01 3.468819554107761549e-01
1.232846739442065853e-01 3.685531064375962562e-01
1.417474162926804782e-01 3.882084470916282171e-01
1.629750834620643518e-01 4.052056002827128522e-01
1.873817422860382942e-01 4.189299284640800036e-01
2.154434690031886701e-01 4.287942351801746210e-01
2.477076355991713885e-01 4.342409531878928530e-01
2.848035868435804807e-01 4.346797288475223175e-01
3.274549162877731789e-01 4.291743943488587343e-01
3.764935806792471529e-01 4.162244961140417199e-01
4.328761281083061685e-01 3.935870685984892980e-01
4.977023564332113681e-01 3.582028831289106874e-01
5.722367659350220404e-01 3.076960388214706743e-01
6.579332246575682053e-01 2.430937064172780382e-01
7.564633275546290836e-01 1.715968461180850113e-01
8.697490026177834288e-01 1.053073063053838743e-01
1.000000000000000000e+00 5.489645961635600951e-02
