9.999999999999999547e-07 0.000000000000000000e+00
1.013925407558814200e-06 8.631408185636139111e-08
1.028044732093309784e-06 1.738301080085400874e-07
1.042360673976401061e-06 2.625648156136582042e-07
1.056875971184804981e-06 3.525351748903785042e-07
1.071593399822671139e-06 4.437583923628169691e-07
1.086515774652537176e-06 5.362519141509608677e-07
1.101645949633656974e-06 6.300334293067613815e-07
1.116986818467822540e-06 7.251208731966715885e-07
1.132541315152812586e-06 8.215324309314124624e-07
1.148312414543511196e-06 9.192865408432946903e-07
1.164303132920875528e-06 1.018401898012141546e-06
1.180516528568805485e-06 1.118897457840185513e-06
1.196955702359042833e-06 1.220792439676716242e-06
1.213623798344241863e-06 1.324106330493338714e-06
1.230524004359261563e-06 1.428858888610191458e-06
1.247659552630868398e-06 1.535070147474259833e-06
1.265033720395903716e-06 1.642760419490124880e-06
1.282649830528059960e-06 1.751950299904076951e-06
1.300511252173409911e-06 1.862660670742420805e-06
1.318621401394748467e-06 1.974912704804413487e-06
1.336983741824945150e-06 2.088727869710998810e-06
1.355601785329368979e-06 2.204127932009766178e-06
1.374479092677536677e-06 2.321134961337040951e-06
1.393619274224143468e-06 2.439771334638112599e-06
1.413025990599533632e-06 2.560059740445935238e-06
1.432702953409829350e-06 2.682023183219659184e-06
1.452653925946781160e-06 2.805684987743406883e-06
1.472882723907501804e-06 2.931068803586259666e-06
1.493393216124253301e-06 3.058198609624527700e-06
1.514189325304352035e-06 3.187098718626713913e-06
1.535275028780421201e-06 3.317793781902561902e-06
1.556654359271061967e-06 3.450308794016657065e-06
1.578331405652116571e-06 3.584669097567641443e-06
1.600310313738701654e-06 3.720900388034142579e-06
1.622595287078087214e-06 3.859028718687898341e-06
1.645190587753660682e-06 3.999080505575543084e-06
1.668100537200059127e-06 4.141082532569576076e-06
1.691329517029647040e-06 4.285061956489618414e-06
1.714881969870540874e-06 4.431046312295187467e-06
1.738762400216250434e-06 4.579063518350436938e-06
1.762975375287203917e-06 4.729141881762511713e-06
1.787525525904235397e-06 4.881310103793995214e-06
1.812417547374235695e-06 5.035597285350709662e-06
1.837656200388172474e-06 5.192032932546125379e-06
1.863246311931559818e-06 5.350646962342891599e-06
1.889192776207664423e-06 5.511469708273260768e-06
1.915500555573527830e-06 5.674531926238885767e-06
1.942174681489024486e-06 5.839864800391377487e-06
1.969220255479173340e-06 6.007499949094938207e-06
1.996642450109793374e-06 6.177469430971657756e-06
2.024446509976801877e-06 6.349805751031309692e-06
2.052637752709252226e-06 6.524541866886237864e-06
2.081221569986337122e-06 6.701711195052750448e-06
2.110203428568596572e-06 6.881347617340491911e-06
2.139588871343421664e-06 7.063485487330351938e-06
2.169383518385181950e-06 7.248159636942950982e-06
2.199593068030074676e-06 7.435405383098304673e-06
2.230223297965936432e-06 7.625258534468151092e-06
2.261280066337279372e-06 7.817755398322872993e-06
2.292769312865648563e-06 8.012932787473168279e-06
2.324697059985650290e-06 8.210828027307474165e-06
2.357069413996727979e-06 8.411478962928701725e-06
2.389892566231047836e-06 8.614923966390132575e-06
2.423172794237600507e-06 8.821201944031686432e-06
2.456916462982790237e-06 9.030352343918323895e-06
2.491130026067791046e-06 9.242415163382259897e-06
2.525820026962784695e-06 9.457430956669721347e-06
2.560993100258456944e-06 9.675440842694602028e-06
2.596655972934872394e-06 9.896486512899711004e-06
2.632815465648020122e-06 1.012061023922746107e-05
2.669478494034323617e-06 1.034785488220179298e-05
2.706652070033241224e-06 1.057826389912211803e-05
2.744343303228362398e-06 1.081188135237181347e-05
2.782559402207125977e-06 1.104875191784199221e-05
2.821307675939470909e-06 1.128892089347253248e-05
2.860595535175744707e-06 1.153243420791233919e-05
2.900430493863991580e-06 1.177933842929960274e-05
2.940820170587060722e-06 1.202968077416477938e-05
2.981772290019673234e-06 1.228350911645716045e-05
3.023294684405776334e-06 1.254087199669702439e-05
3.065395295056530018e-06 1.280181863125557219e-05
3.108082173869063814e-06 1.306639892176342715e-05
3.151363484866476280e-06 1.333466346465067379e-05
3.195247505759213607e-06 1.360666356081925582e-05
3.239742629528195378e-06 1.388245122545000325e-05
3.284857366030047033e-06 1.416207919794653828e-05
3.330600343624588548e-06 1.444560095201696129e-05
3.376980310825087979e-06 1.473307070589645769e-05
3.424006137971425541e-06 1.502454343271175744e-05
3.471686818926559579e-06 1.532007487098983569e-05
3.520031472796682339e-06 1.561972153506405137e-05
3.569049345675229473e-06 1.592354072690730423e-05
3.618749812411276882e-06 1.623159054549154726e-05
3.669142378402493899e-06 1.654392989898927936e-05
3.720236681413065725e-06 1.686061851575213595e-05
3.772042493417001451e-06 1.718171695572860160e-05
3.824569722466998750e-06 1.750728662203985717e-05
3.877828414589453094e-06 1.783738977271749816e-05
3.931828755705770305e-06 1.817208953260402912e-05
3.986581073580438997e-06 1.851144990541903101e-05
4.042095839796309714e-06 1.885553578599365418e-05
4.098383671757261184e-06 1.920441297267467396e-05
4.155455334718879651e-06 1.955814817990189310e-05
4.213321743847289341e-06 1.991680905095977224e-05
4.271993966306776970e-06 2.028046417090725899e-05
4.331483223376402566e-06 2.064918307968702222e-05
4.391800892596086187e-06 2.102303628541707601e-05
4.452958509942660131e-06 2.140209527786784640e-05
4.514967772036101769e-06 2.178643254212601901e-05
4.577840538376616169e-06 2.217612157244927058e-05
4.641588833612781958e-06 2.257123688631322618e-05
4.706224849841281354e-06 2.297185403865386089e-05
4.771760948938750521e-06 2.337804963630910656e-05
4.838209664925956952e-06 2.378990135265982649e-05
4.905583706365045857e-06 2.420748794247465396e-05
4.973895958790067320e-06 2.463088925696235048e-05
5.043159487171358525e-06 2.506018625903302542e-05
5.113387538414331605e-06 2.549546103877201844e-05
5.184593543892912765e-06 2.593679682912845407e-05
5.256791122018419569e-06 2.638427802182285922e-05
5.329994080844093235e-06 2.683799018347528037e-05
5.404216420705915271e-06 2.729802007195812879e-05
5.479472336900292930e-06 2.776445565297676235e-05
5.555776222398877724e-06 2.823738611688013508e-05
5.633142670601352205e-06 2.871690189570595968e-05
5.711586478126434863e-06 2.920309468046256485e-05
5.791122647641757912e-06 2.969605743865093056e-05
5.871766390733261702e-06 3.019588443203145487e-05
5.953533130814370033e-06 3.070267123463638731e-05
6.036438506075863713e-06 3.121651475103433943e-05
6.120498372476703066e-06 3.173751323484778019e-05
6.205728806776500758e-06 3.226576630752828699e-05
6.292146109610350494e-06 3.280137497739365863e-05
6.379766808606282652e-06 3.334444165892865193e-05
6.468607661546320942e-06 3.389507019235527821e-05
6.558685659571435694e-06 3.445336586347471947e-05
6.650018030431117999e-06 3.501943542378497078e-05
6.742622241778348883e-06 3.559338711087925032e-05
6.836516004510238809e-06 3.617533066912677635e-05
6.931717276155400522e-06 3.676537737064248406e-05
7.028244264308352554e-06 3.736364003654762034e-05
7.126115430111745365e-06 3.797023305852579710e-05
7.225349491787221566e-06 3.858527242067982951e-05
7.325965428215230423e-06 3.920887572169124270e-05
7.427982482564910469e-06 3.984116219728920310e-05
7.531420165974375663e-06 4.048225274303106971e-05
7.636298261282241959e-06 4.113226993739963410e-05
7.742636826811276894e-06 4.179133806522259889e-05
7.850456200204509316e-06 4.245958314141619870e-05
7.959777002314978321e-06 4.313713293506047183e-05
8.070620141149507638e-06 4.382411699380828326e-05
8.183006815867388940e-06 4.452066666863382487e-05
8.296958520834915102e-06 4.522691513892610203e-05
8.412497049736117495e-06 4.594299743792991375e-05
8.529644499741016815e-06 4.666905047854207170e-05
8.648423275731726255e-06 4.740521307946516874e-05
8.768856094587426870e-06 4.815162599172502955e-05
8.890965989529167165e-06 4.890843192555791486e-05
9.014776314524917239e-06 4.967577557766980346e-05
9.140310748756222539e-06 5.045380365887645971e-05
9.267593301146882451e-06 5.124266492212638691e-05
9.396648314954690500e-06 5.204251019091358528e-05
9.527500472427300024e-06 5.285349238808628096e-05
9.660174799522645609e-06 5.367576656505439057e-05
9.794696670695385670e-06 5.450948993140486952e-05
9.931091813749799848e-06 5.535482188492732913e-05
1.006938631476027116e-05 5.621192404205721391e-05
1.020960662306047607e-05 5.708096026874315260e-05
1.035177955630176194e-05 5.796209671174160007e-05
1.049593230558226690e-05 5.885550183034830428e-05
1.064209244064724650e-05 5.976134642856951887e-05
1.079028791516183681e-05 6.067980368774024581e-05
1.094054707205743495e-05 6.161104919959718576e-05
1.109289864895222712e-05 6.255526099980938427e-05
1.124737178364750747e-05 6.351261960197662998e-05
1.140399601970033156e-05 6.448330803209922999e-05
1.156280131207375302e-05 6.546751186352654187e-05
1.172381803286599682e-05 6.646541925239276638e-05
1.188707697711903343e-05 6.747722097354271831e-05
1.205260936870841401e-05 6.850311045695921697e-05
1.222044686631488650e-05 6.954328382469492889e-05
1.239062156947915659e-05 7.059793992831748534e-05
1.256316602474121465e-05 7.166728038687631796e-05
1.273811323186478452e-05 7.275150962539453283e-05
1.291549665014882683e-05 7.385083491389814224e-05
1.309535020482667643e-05 7.496546640698563576e-05
1.327770829355429101e-05 7.609561718394743145e-05
1.346260579298911035e-05 7.724150328944411146e-05
1.365007806546013744e-05 7.840334377474742617e-05
1.384016096573130180e-05 7.958136073955642703e-05
1.403289084785873161e-05 8.077577937439284791e-05
1.422830457214351858e-05 8.198682800358539802e-05
1.442643951218158844e-05 8.321473812885257500e-05
1.462733356201129868e-05 8.445974447348830803e-05
1.483102514336102853e-05 8.572208502716383439e-05
1.503755321299738461e-05 8.700200109135001060e-05
1.524695727017572978e-05 8.829973732537020918e-05
1.545927736419478539e-05 8.961554179309485981e-05
1.567455410205594862e-05 9.094966601028119915e-05
1.589282865622976477e-05 9.230236499257354378e-05
1.611414277253019959e-05 9.367389730416774535e-05
1.633853877809860416e-05 9.506452510715159162e-05
1.656605958949915094e-05 9.647451421153202240e-05
1.679674872092653225e-05 9.790413412595389041e-05
1.703065029252842484e-05 9.935365810912579799e-05
1.726780903884356100e-05 1.008233632219536334e-04
1.750827031735723228e-05 1.023135303803990179e-04
1.775208011717636033e-05 1.038244444090934832e-04
1.799928506782476521e-05 1.053563940956670284e-04
1.824993244816150412e-05 1.069096722458431686e-04
1.850407019542302264e-05 1.084845757392966241e-04
1.876174691439119540e-05 1.100814055862862955e-04
1.902301188668945850e-05 1.117004669850764673e-04
1.928791508020777896e-05 1.133420693801512281e-04
1.955650715865946999e-05 1.150065265212401981e-04
1.982883949127071257e-05 1.166941565231609463e-04
2.010496416260496873e-05 1.184052819264915673e-04
2.038493398252464128e-05 1.201402297590874863e-04
2.066880249629082024e-05 1.218993315984479524e-04
2.095662399480430758e-05 1.236829236349514666e-04
2.124845352498882828e-05 1.254913467359658756e-04
2.154434690031882321e-05 1.273249465108474852e-04
2.184436071149428344e-05 1.291840733768446548e-04
2.214855233726359179e-05 1.310690826259111466e-04
2.245697995539771554e-05 1.329803344924502216e-04
2.276970255381680078e-05 1.349181942219954589e-04
2.308677994187167203e-05 1.368830321408438572e-04
2.340827276178294449e-05 1.388752237266573726e-04
2.373424250023866352e-05 1.408951496800389647e-04
2.406475150015421866e-05 1.429431959971053491e-04
2.439986297259550131e-05 1.450197540430630172e-04
2.473964100886811809e-05 1.471252206268041372e-04
2.508415059277541105e-05 1.492599980765392780e-04
2.543345761304648090e-05 1.514244943164742472e-04
2.578762887593798400e-05 1.536191229445539727e-04
2.614673211801091967e-05 1.558443033112808570e-04
2.651083601908536211e-05 1.581004605996253832e-04
2.688001021537607461e-05 1.603880259060471065e-04
2.725432531281027978e-05 1.627074363226336216e-04
2.763385290053166867e-05 1.650591350203821969e-04
2.801866556459195316e-05 1.674435713336322896e-04
2.840883690183301088e-05 1.698612008456672380e-04
2.880444153396297702e-05 1.723124854755054311e-04
2.920555512182745176e-05 1.747978935658884105e-04
2.961225437988031288e-05 1.773178999724926578e-04
3.002461709085549186e-05 1.798729861543736305e-04
3.044272212064305779e-05 1.824636402656622703e-04
3.086664943337274645e-05 1.850903572485329801e-04
3.129648010670750265e-05 1.877536389274586052e-04
3.173229634734972955e-05 1.904539941047686514e-04
3.217418150676371437e-05 1.931919386575319105e-04
3.262222009711673420e-05 1.959679956357785369e-04
3.307649780744242331e-05 1.987826953620833658e-04
3.353710152002928861e-05 2.016365755325278503e-04
3.400411932703702948e-05 2.045301813190566608e-04
3.447764054734463976e-05 2.074640654732529360e-04
3.495775574363278547e-05 2.104387884315474461e-04
3.544455673970435463e-05 2.134549184218851670e-04
3.593813663804625562e-05 2.165130315718675623e-04
3.643858983763540501e-05 2.196137120183887334e-04
3.694601205199302477e-05 2.227575520187899676e-04
3.746050032748996612e-05 2.259451520635493262e-04
3.798215306190736308e-05 2.291771209905318885e-04
3.851107002325568519e-05 2.324540761008197045e-04
3.904735236885555739e-05 2.357766432761410546e-04
3.959110266468458876e-05 2.391454570979251724e-04
4.014242490499325976e-05 2.425611609680002924e-04
4.070142453219438740e-05 2.460244072309626705e-04
4.126820845702951608e-05 2.495358572982364718e-04
4.184288507901584570e-05 2.530961817738460471e-04
4.242556430717776958e-05 2.567060605819253185e-04
4.301635758106799609e-05 2.603661830959945770e-04
4.361537789208005635e-05 2.640772482700146670e-04
4.422273980505896747e-05 2.678399647712595400e-04
4.483855948021190816e-05 2.716550511150187257e-04
4.546295469532399562e-05 2.755232358011591547e-04
4.609604486828438810e-05 2.794452574525794022e-04
4.673795107992463778e-05 2.834218649555657311e-04
4.738879609717651056e-05 2.874538176020950903e-04
4.804870439655133953e-05 2.915418852340962916e-04
4.871780218794630613e-05 2.956868483897016724e-04
4.939621743878325959e-05 2.998894984515237776e-04
5.008407989848212116e-05 3.041506377969676852e-04
5.078152112327670659e-05 3.084710799506273308e-04
5.148867450137497919e-05 3.128516497387770533e-04
5.220567527846975100e-05 3.172931834459937601e-04
5.293266058360566627e-05 3.217965289739461413e-04
5.366976945540475778e-05 3.263625460023626972e-04
5.441714286865887681e-05 3.309921061522289390e-04
5.517492376129128718e-05 3.356860931512212990e-04
5.594325706169377268e-05 3.404454030014378687e-04
5.672228971644549213e-05 3.452709441494369695e-04
5.751217071841613668e-05 3.501636376586039941e-04
5.831305113526218489e-05 3.551244173839088582e-04
5.912508413831881030e-05 3.601542301490617088e-04
5.994842503189408905e-05 3.652540359261088453e-04
6.078323128297236501e-05 3.704248080175091872e-04
6.162966255132942199e-05 3.756675332407070087e-04
6.248788072006888211e-05 3.809832121152548256e-04
6.335804992658254750e-05 3.863728590525062744e-04
6.424033659394190888e-05 3.918375025479180164e-04
6.513490946272809873e-05 3.973781853760055506e-04
6.604193962330304700e-05 4.029959647879690927e-04
6.696160054853215278e-05 4.086919127120501247e-04
6.789406812696112826e-05 4.144671159566341205e-04
6.883952069645495682e-05 4.203226764161461767e-04
6.979813907830667650e-05 4.262597112797861677e-04
7.077010661181888922e-05 4.322793532431186067e-04
7.175560918936921718e-05 4.383827507225837800e-04
7.275483529196232206e-05 4.445710680729476113e-04
7.376797602527730984e-05 4.508454858077385035e-04
7.479522515621828658e-05 4.572072008227194041e-04
7.583677914997190089e-05 4.636574266224162367e-04
7.689283720758305352e-05 4.701973935497694851e-04
7.796360130405236585e-05 4.768283490189280122e-04
7.904927622696420267e-05 4.835515577512384568e-04
8.015006961565413965e-05 4.903683020144808391e-04
8.126619200091945365e-05 4.972798818653720613e-04
8.239785684528511741e-05 5.042876153954097256e-04
8.354528058382871408e-05 5.113928389800768710e-04
8.470868266557402936e-05 5.185969075314619467e-04
8.588828559546259111e-05 5.259011947543522445e-04
8.708431497690723578e-05 5.333070934058205216e-04
8.829699955494083421e-05 5.408160155583835275e-04
8.952657125996401179e-05 5.484293928667526019e-04
9.077326525210223113e-05 5.561486768382395505e-04
9.203731996618230639e-05 5.639753391068722281e-04
9.331897715733238812e-05 5.719108717112462818e-04
9.461848194721991974e-05 5.799567873761955631e-04
9.593608287093146887e-05 5.881146197983041926e-04
9.727203192450537027e-05 5.963859239353218626e-04
9.862658461312830713e-05 6.047722762995497029e-04
1.000000000000000048e-04 6.132752752552167713e-04
1.013925407558815276e-04 6.218965413199392146e-04
1.028044732093309733e-04 6.306377174702833526e-04
1.042360673976401179e-04 6.395004694515083604e-04
1.056875971184803998e-04 6.484864860915399423e-04
1.071593399822671198e-04 6.575974796192228088e-04
1.086515774652538379e-04 6.668351859869227566e-04
1.101645949633656949e-04 6.762013651975260550e-04
1.116986818467822557e-04 6.856978016358988067e-04
1.132541315152811519e-04 6.953263044048687332e-04
1.148312414543511137e-04 7.050887076657788230e-04
1.164303132920876748e-04 7.149868709836894971e-04
1.180516528568805612e-04 7.250226796772780806e-04
1.196955702359042841e-04 7.351980451735030172e-04
1.213623798344240533e-04 7.455149053671008066e-04
1.230524004359261579e-04 7.559752249849660804e-04
1.247659552630869643e-04 7.665809959554975399e-04
1.265033720395903835e-04 7.773342377829617995e-04
1.282649830528059917e-04 7.882369979269472334e-04
1.300511252173408420e-04 7.992913521869782992e-04
1.318621401394748458e-04 8.104994050923472601e-04
1.336983741824946607e-04 8.218632902972472206e-04
1.355601785329368979e-04 8.333851709812658930e-04
1.374479092677536609e-04 8.450672402553144683e-04
1.393619274224142113e-04 8.569117215730667281e-04
1.413025990599533599e-04 8.689208691479686792e-04
1.432702953409830901e-04 8.810969683759113007e-04
1.452653925946781202e-04 8.934423362636232172e-04
1.472882723907501770e-04 9.059593218628682982e-04
1.493393216124251827e-04 9.186503067105254890e-04
1.514189325304352018e-04 9.315177052746153805e-04
1.535275028780422768e-04 9.445639654063702319e-04
1.556654359271062154e-04 9.577915687984122793e-04
1.578331405652118053e-04 9.712030314491259825e-04
1.600310313738700137e-04 9.848009041333045509e-04
1.622595287078087002e-04 9.985877728791556392e-04
1.645190587753662351e-04 1.012566259451738206e-03
1.668100537200059119e-04 1.026739021842931580e-03
1.691329517029648683e-04 1.041108754768006782e-03
1.714881969870539155e-04 1.055678190168894736e-03
1.738762400216250527e-04 1.070450097724237257e-03
1.762975375287205730e-04 1.085427285366300388e-03
1.787525525904235457e-04 1.100612599804833783e-03
1.812417547374237711e-04 1.116008927057713946e-03
1.837656200388170424e-04 1.131619192989494118e-03
1.863246311931559835e-04 1.147446363856622232e-03
1.889192776207666380e-04 1.163493446859956842e-03
1.915500555573527931e-04 1.179763490704813927e-03
1.942174681489026468e-04 1.196259586168525908e-03
1.969220255479171443e-04 1.212984866675613938e-03
1.996642450109793374e-04 1.229942508880674506e-03
2.024446509976803791e-04 1.247135733259066223e-03
2.052637752709252192e-04 1.264567804705517360e-03
2.081221569986339392e-04 1.282242033140738695e-03
2.110203428568594353e-04 1.300161774126150534e-03
2.139588871343421563e-04 1.318330429486833620e-03
2.169383518385184322e-04 1.336751447942788069e-03
2.199593068030074913e-04 1.355428325748637367e-03
2.230223297965938634e-04 1.374364607341856375e-03
2.261280066337277204e-04 1.393563885999648221e-03
2.292769312865648647e-04 1.413029804504579382e-03
2.324697059985647986e-04 1.432766055819067498e-03
2.357069413996727843e-04 1.452776383768856995e-03
2.389892566231050343e-04 1.473064583735583365e-03
2.423172794237598237e-04 1.493634503358537337e-03
2.456916462982790305e-04 1.514490043245761853e-03
2.491130026067788590e-04 1.535635157694568813e-03
2.525820026962784779e-04 1.557073855421631497e-03
2.560993100258459536e-04 1.578810200302743511e-03
2.596655972934869836e-04 1.600848312122375890e-03
2.632815465648020189e-04 1.623192367333164401e-03
2.669478494034321025e-04 1.645846599825422692e-03
2.706652070033241072e-04 1.668815301706841076e-03
2.744343303228365160e-04 1.692102824092474615e-03
2.782559402207125773e-04 1.715713577905153423e-03
2.821307675939470740e-04 1.739652034686444641e-03
2.860595535175741895e-04 1.763922727418307463e-03
2.900430493863991868e-04 1.788530251355542914e-03
2.940820170587063703e-04 1.813479264869209684e-03
2.981772290019673471e-04 1.838774490301114646e-03
3.023294684405776131e-04 1.864420714829507098e-03
3.065395295056526901e-04 1.890422791345265034e-03
3.108082173869063645e-04 1.916785639341581473e-03
3.151363484866479448e-04 1.943514245814429277e-03
3.195247505759213607e-04 1.970613666174013054e-03
3.239742629528195514e-04 1.998089025168657291e-03
3.284857366030043374e-04 2.025945517820762747e-03
3.330600343624588820e-04 2.054188410374955132e-03
3.376980310825091164e-04 2.082823041258604312e-03
3.424006137971425897e-04 2.111854822054845451e-03
3.471686818926559680e-04 2.141289238488245424e-03
3.520031472796678832e-04 2.171131851423291868e-03
3.569049345675229896e-04 2.201388297875818498e-03
3.618749812411280490e-04 2.232064292037559249e-03
3.669142378402493712e-04 2.263165626313967411e-03
3.720236681413065759e-04 2.294698172375453718e-03
3.772042493416997554e-04 2.326667882222222070e-03
3.824569722466999088e-04 2.359080789262825613e-03
3.877828414589457430e-04 2.391943009406653515e-03
3.931828755705770373e-04 2.425260742170465972e-03
3.986581073580438726e-04 2.459040271799171722e-03
4.042095839796305953e-04 2.493287968401006801e-03
4.098383671757261184e-04 2.528010289097255489e-03
4.155455334718875077e-04 2.563213779186731146e-03
4.213321743847288901e-04 2.598905073325144879e-03
4.271993966306776428e-04 2.635090896621549231e-03
4.331483223376398229e-04 2.671778066255428314e-03
4.391800892596086085e-04 2.708973492061971834e-03
4.452958509942655184e-04 2.746684178221998028e-03
4.514967772036101870e-04 2.784917224399633892e-03
4.577840538376616304e-04 2.823679827014738321e-03
4.641588833612777317e-04 2.862979280531470321e-03
4.706224849841281286e-04 2.902822978763138894e-03
4.771760948938746048e-04 2.943218416193572710e-03
4.838209664925957392e-04 2.984173189315150049e-03
4.905583706365045484e-04 3.025694997983690692e-03
4.973895958790062848e-04 3.067791646790407091e-03
5.043159487171358559e-04 3.110471046451055311e-03
5.113387538414325981e-04 3.153741215212542068e-03
5.184593543892913273e-04 3.197610280277123160e-03
5.256791122018424686e-04 3.242086479244406672e-03
5.329994080844087509e-04 3.287178161571346555e-03
5.404216420705914865e-04 3.332893790050439533e-03
5.479472336900287170e-04 3.379241942306263676e-03
5.555776222398877860e-04 3.426231312305250305e-03
5.633142670601357050e-04 3.473870711889496567e-03
5.711586478126429341e-04 3.522169072344710425e-03
5.791122647641758691e-04 3.571135445962867784e-03
5.871766390733255264e-04 3.620779007633341193e-03
5.953533130814370406e-04 3.671109056453903709e-03
6.036438506075870319e-04 3.722135017361440958e-03
6.120498372476696662e-04 3.773866442782672359e-03
6.205728806776500623e-04 3.826313014305038514e-03
6.292146109610343785e-04 3.879484544367934294e-03
6.379766808606282449e-04 3.933390977974553920e-03
6.468607661546327617e-04 3.988042394424503277e-03
6.558685659571429020e-04 4.043449009067404988e-03
6.650018030431118507e-04 4.099621175077712218e-03
6.742622241778341904e-04 4.156569385250889932e-03
6.836516004510238267e-04 4.214304273821236832e-03
6.931717276155407569e-04 4.272836618301510160e-03
7.028244264308345507e-04 4.332177341344576292e-03
7.126115430111745839e-04 4.392337512627308288e-03
7.225349491787214518e-04 4.453328350756883061e-03
7.325965428215230456e-04 4.515161225199770464e-03
7.427982482564917787e-04 4.577847658233560879e-03
7.531420165974367972e-04 4.641399326921857686e-03
7.636298261282241416e-04 4.705828065112454064e-03
7.742636826811269846e-04 4.771145865458974525e-03
7.850456200204509452e-04 4.837364881466224044e-03
7.959777002314985571e-04 4.904497429559424339e-03
8.070620141149498694e-04 4.972555991177567136e-03
8.183006815867389754e-04 5.041553214891080457e-03
8.296958520834906564e-04 5.111501918543988332e-03
8.412497049736117902e-04 5.182415091420826750e-03
8.529644499741025759e-04 5.254305896438475447e-03
8.648423275731718192e-04 5.327187672363117160e-03
8.768856094587426870e-04 5.401073936052561142e-03
8.890965989529158288e-04 5.475978384724049762e-03
9.014776314524917782e-04 5.551914898247859581e-03
9.140310748756232161e-04 5.628897541466807916e-03
9.267593301146882789e-04 5.706940566541908628e-03
9.396648314954690433e-04 5.786058415324340197e-03
9.527500472427289724e-04 5.866265721753979347e-03
9.660174799522645676e-04 5.947577314284587836e-03
9.794696670695395360e-04 6.030008218335965522e-03
9.931091813749799713e-04 6.113573658773170313e-03
1.006938631476027041e-03 6.198289062413019253e-03
1.020960662306046604e-03 6.284170060558083235e-03
1.035177955630176309e-03 6.371232491558261220e-03
1.049593230558227598e-03 6.459492403400246205e-03
1.064209244064724582e-03 6.548966056324950595e-03
1.079028791516183647e-03 6.639669925473095681e-03
1.094054707205742438e-03 6.731620703559170783e-03
1.109289864895222780e-03 6.824835303573833188e-03
1.124737178364752007e-03 6.919330861515019492e-03
1.140399601970033122e-03 7.015124739147851618e-03
1.156280131207375458e-03 7.112234526793497977e-03
1.172381803286598597e-03 7.210678046147194452e-03
1.188707697711903228e-03 7.310473353125441706e-03
1.205260936870842505e-03 7.411638740742680642e-03
1.222044686631488684e-03 7.514192742017444283e-03
1.239062156947915577e-03 7.618154132908171693e-03
1.256316602474120232e-03 7.723541935278839185e-03
1.273811323186478574e-03 7.830375419894390621e-03
1.291549665014883998e-03 7.938674109446262547e-03
1.309535020482667771e-03 8.048457781607953887e-03
1.327770829355428986e-03 8.159746472120803229e-03
1.346260579298909571e-03 8.272560477910091692e-03
1.365007806546013683e-03 8.386920360231423649e-03
1.384016096573131502e-03 8.502846947847631648e-03
1.403289084785873256e-03 8.620361340236144809e-03
1.422830457214352027e-03 8.739484910826914379e-03
1.442643951218157373e-03 8.860239310270990112e-03
1.462733356201129922e-03 8.982646469739657275e-03
1.483102514336104337e-03 9.106728604254326828e-03
1.503755321299738400e-03 9.232508216047088587e-03
1.524695727017573053e-03 9.360008097951946424e-03
1.545927736419476940e-03 9.489251336826810129e-03
1.567455410205594903e-03 9.620261317006080851e-03
1.589282865622978049e-03 9.753061723783974096e-03
1.611414277253019837e-03 9.887676546928425916e-03
1.633853877809862123e-03 1.002413008422559267e-02
1.656605958949913414e-03 1.016244694505481078e-02
1.679674872092653225e-03 1.030265205399408940e-02
1.703065029252844422e-03 1.044477065445579070e-02
1.726780903884356060e-03 1.058882831235268863e-02
1.750827031735725098e-03 1.073485091979406274e-02
1.775208011717634149e-03 1.088286469881179219e-02
1.799928506782476562e-03 1.103289620513012159e-02
1.824993244816152391e-03 1.118497233200385285e-02
1.850407019542302115e-03 1.133912031390888267e-02
1.876174691439121437e-03 1.149536773043415006e-02
1.902301188668943871e-03 1.165374251016631016e-02
1.928791508020777801e-03 1.181427293459203463e-02
1.955650715865949168e-03 1.197698764202870594e-02
1.982883949127071596e-03 1.214191563158352472e-02
2.010496416260499231e-03 1.230908626714049062e-02
2.038493398252461987e-03 1.247852928137505382e-02
2.066880249629082268e-03 1.265027477979609530e-02
2.095662399480432980e-03 1.282435324481471378e-02
2.124845352498882720e-03 1.300079553983966504e-02
2.154434690031884272e-03 1.317963291339883936e-02
2.184436071149426298e-03 1.336089700328641112e-02
2.214855233726359396e-03 1.354461984073522529e-02
2.245697995539773940e-03 1.373083385461377169e-02
2.276970255381679901e-03 1.391957187564743861e-02
2.308677994187169520e-03 1.411086714066331002e-02
2.340827276178291793e-03 1.430475329685798602e-02
2.373424250023866040e-03 1.450126440608788883e-02
2.406475150015424062e-03 1.470043494918117991e-02
2.439986297259550199e-03 1.490229983027088409e-02
2.473964100886814031e-03 1.510689438114833083e-02
2.508415059277538557e-03 1.531425436563618042e-02
2.543345761304648036e-03 1.552441598398037088e-02
2.578762887593801043e-03 1.573741587725990126e-02
2.614673211801091940e-03 1.595329113181390840e-02
2.651083601908538895e-03 1.617207928368494599e-02
2.688001021537604791e-03 1.639381832307751363e-02
2.725432531281027707e-03 1.661854669883101876e-02
2.763385290053169997e-03 1.684630332290587562e-02
2.801866556459195207e-03 1.707712757488197980e-02
2.840883690183303948e-03 1.731105930646823984e-02
2.880444153396298067e-03 1.754813884602205235e-02
2.920555512182745027e-03 1.778840700307753736e-02
2.961225437988034351e-03 1.803190507288134764e-02
3.002461709085549064e-03 1.827867484093448000e-02
3.044272212064302961e-03 1.852875858762855626e-02
3.086664943337274428e-03 1.878219909327662890e-02
3.129648010670750373e-03 1.903903964167325338e-02
3.173229634734976452e-03 1.929932402496905425e-02
3.217418150676371654e-03 1.956309654833476505e-02
3.262222009711669788e-03 1.983040203451093275e-02
3.307649780744242440e-03 2.010128582835304933e-02
3.353710152002928671e-03 2.037579380137052171e-02
3.400411932703706255e-03 2.065397235625777289e-02
3.447764054734464220e-03 2.093586843141520548e-02
3.495775574363275268e-03 2.122152950545854594e-02
3.544455673970435625e-03 2.151100360171423476e-02
3.593813663804625805e-03 2.180433929269884677e-02
3.643858983763544404e-03 2.210158570458047381e-02
3.694601205199302477e-03 2.240279252161956475e-02
3.746050032748993088e-03 2.270800999058727315e-02
3.798215306190736145e-03 2.301728892515862018e-02
3.851107002325568872e-03 2.333068071027813439e-02
3.904735236885560103e-03 2.364823730649545652e-02
3.959110266468458469e-03 2.397001125426800536e-02
4.014242490499322046e-03 2.429605567822840095e-02
4.070142453219439092e-03 2.462642429141343944e-02
4.126820845702951907e-03 2.496117139945195490e-02
4.184288507901580585e-03 2.530035190470854636e-02
4.242556430717777174e-03 2.564402131037983243e-02
4.301635758106795056e-03 2.599223572469936544e-02
4.361537789208005771e-03 2.634505186519907338e-02
4.422273980505896963e-03 2.670252706181320754e-02
4.483855948021185991e-03 2.706471926113291140e-02
4.546295469532399616e-03 2.743168703025644292e-02
4.609604486828434121e-03 2.780348956053300957e-02
4.673795107992463616e-03 2.818018667123487614e-02
4.738879609717651029e-03 2.856183881315390444e-02
4.804870439655129291e-03 2.894850707211864965e-02
4.871780218794630885e-03 2.934025317242744749e-02
4.939621743878320863e-03 2.973713948019382491e-02
5.008407989848212387e-03 3.013922900659932180e-02
5.078152112327670442e-03 3.054658541104943864e-02
5.148867450137492065e-03 3.095927300422818967e-02
5.220567527846975073e-03 3.137735675104600525e-02
5.293266058360561639e-03 3.180090227347674020e-02
5.366976945540476510e-03 3.222997585327823378e-02
5.441714286865893292e-03 3.266464443459146660e-02
5.517492376129123216e-03 3.310497561953786028e-02
5.594325706169377133e-03 3.355103770087214388e-02
5.672228971644543115e-03 3.400289961552081797e-02
5.751217071841613696e-03 3.446063098091389082e-02
5.831305113526225048e-03 3.492430208787962453e-02
5.912508413831875365e-03 3.539398390240126868e-02
5.994842503189408769e-03 3.586974806721253406e-02
6.078323128297229670e-03 3.635166690322490235e-02
6.162966255132942307e-03 3.683981341078104016e-02
6.248788072006894283e-03 3.733426127072708017e-02
6.335804992658247703e-03 3.783508484529723992e-02
6.424033659394191159e-03 3.834235917880376987e-02
6.513490946272802555e-03 3.885615999812470217e-02
6.604193962330305243e-03 3.937656371298280805e-02
6.696160054853222271e-03 3.990364741600752746e-02
6.789406812696105291e-03 4.043748888358062593e-02
6.883952069645496441e-03 4.097816657868448564e-02
6.979813907830660115e-03 4.152575964219554217e-02
7.077010661181889518e-03 4.208034789524881664e-02
7.175560918936928385e-03 4.264201183874519879e-02
7.275483529196225159e-03 4.321083265195167777e-02
7.376797602527730875e-03 4.378689219082801398e-02
7.479522515621821015e-03 4.437027298607031794e-02
7.583677914997190468e-03 4.496105824086334135e-02
7.689283720758313158e-03 4.555933182833144662e-02
7.796360130405228725e-03 4.616517828867915119e-02
7.904927622696419562e-03 4.677868282601159444e-02
8.015006961565405291e-03 4.739993130482465788e-02
8.126619200091946341e-03 4.802901024615535697e-02
8.239785684528520143e-03 4.866600682338167311e-02
8.354528058382862735e-03 4.931100885766180608e-02
8.470868266557402340e-03 4.996410481300214701e-02
8.588828559546249353e-03 5.062538379094266155e-02
8.708431497690724554e-03 5.129493552484969132e-02
8.829699955494091715e-03 5.197285037380402345e-02
8.952657125996391421e-03 5.265921931607348699e-02
9.077326525210224414e-03 5.335413394215833549e-02
9.203731996618221695e-03 5.405768644739730039e-02
9.331897715733238757e-03 5.476996962412317149e-02
9.461848194722002545e-03 5.549107685335524787e-02
9.593608287093146128e-03 5.622110209601646758e-02
9.727203192450536648e-03 5.696013988366296910e-02
9.862658461312821118e-03 5.770828530871347645e-02
1.000000000000000021e-02 5.846563401416531025e-02
1.013925407558814371e-02 5.923228218278481227e-02
1.028044732093309765e-02 6.000832652575888854e-02
1.042360673976401239e-02 6.079386427079355726e-02
1.056875971184804974e-02 6.158899314964834393e-02
1.071593399822671176e-02 6.239381138509003666e-02
1.086515774652537306e-02 6.320841767725546290e-02
1.101645949633657008e-02 6.403291118940700188e-02
1.116986818467822530e-02 6.486739153306794736e-02
1.132541315152812630e-02 6.571195875252523744e-02
1.148312414543511094e-02 6.656671330868245418e-02
1.164303132920875561e-02 6.743175606344919970e-02
1.180516528568805595e-02 6.830718826992154824e-02
1.196955702359042868e-02 6.919311153937468539e-02
1.213623798344241715e-02 7.008962782673350267e-02
1.230524004359261590e-02 7.099683941287657230e-02
1.247659552630868418e-02 7.191484888433524736e-02
1.265033720395903824e-02 7.284375911224802436e-02
1.282649830528059809e-02 7.378367323055687321e-02
1.300511252173409786e-02 7.473469461343418274e-02
1.318621401394748545e-02 7.569692685192265513e-02
1.336983741824945317e-02 7.667047372977944808e-02
1.355601785329368925e-02 7.765543919850793897e-02
1.374479092677536630e-02 7.865192735156537052e-02
1.393619274224143501e-02 7.966004239773566420e-02
1.413025990599533696e-02 8.067988863365101182e-02
1.432702953409829491e-02 8.171157041545516753e-02
1.452653925946781159e-02 8.275519212959295268e-02
1.472882723907501835e-02 8.381085816271656441e-02
1.493393216124253367e-02 8.487867287069937594e-02
1.514189325304352018e-02 8.595874054674380871e-02
1.535275028780421110e-02 8.705116538857810005e-02
1.556654359271062056e-02 8.815605146472968445e-02
1.578331405652116590e-02 8.927350267986851329e-02
1.600310313738701612e-02 9.040362273921498382e-02
1.622595287078087284e-02 9.154651511200209701e-02
1.645190587753660866e-02 9.270228299054961152e-02
1.668100537200059227e-02 9.387102912892678064e-02
1.691329517029646970e-02 9.505285596187763864e-02
1.714881969870540868e-02 9.624786558197070963e-02
1.738762400216250364e-02 9.745615964222488492e-02
1.762975375287204050e-02 9.867783931312192058e-02
1.787525525904235316e-02 9.991300523859271421e-02
1.812417547374235716e-02 1.011617574909779993e-01
1.837656200388172387e-02 1.024241955249639291e-01
1.863246311931559748e-02 1.037004181304896772e-01
1.889192776207664418e-02 1.049905233846345626e-01
1.915500555573527997e-02 1.062946086024844083e-01
1.942174681489024571e-02 1.076127702869848490e-01
1.969220255479173579e-02 1.089451040777914131e-01
1.996642450109793396e-02 1.102917046991214595e-01
2.024446509976801645e-02 1.116526659066258975e-01
2.052637752709252084e-02 1.130280804332903094e-01
2.081221569986337061e-02 1.144180399343844162e-01
2.110203428568596662e-02 1.158226349314817050e-01
2.139588871343421628e-02 1.172419547316828903e-01
2.169383518385182077e-02 1.186760872660046900e-01
2.199593068030074663e-02 1.201251192386909306e-01
2.230223297965936227e-02 1.215891359977880337e-01
2.261280066337279654e-02 1.230682214550716247e-01
2.292769312865648723e-02 1.245624580238987866e-01
2.324697059985650349e-02 1.260719265562429137e-01
2.357069413996727703e-02 1.275967062789420403e-01
2.389892566231047871e-02 1.291368747292096497e-01
2.423172794237600514e-02 1.306925076894480120e-01
2.456916462982790261e-02 1.322636791214176488e-01
2.491130026067791062e-02 1.338504610998191846e-01
2.525820026962784584e-02 1.354529237453431512e-01
2.560993100258456695e-02 1.370711351572594106e-01
2.596655972934872394e-02 1.387051613456114496e-01
2.632815465648019951e-02 1.403550661013158174e-01
2.669478494034323648e-02 1.420209108262168729e-01
2.706652070033241375e-02 1.437027547479459155e-01
2.744343303228362688e-02 1.454006547252788550e-01
2.782559402207126012e-02 1.471146651661645044e-01
2.821307675939470697e-02 1.488448379568300672e-01
2.860595535175744844e-02 1.505912223909002812e-01
2.900430493863991738e-02 1.523538650986260290e-01
2.940820170587060689e-02 1.541328099763401571e-01
2.981772290019673449e-02 1.559280981162516344e-01
3.023294684405776478e-02 1.577397677367054774e-01
3.065395295056529829e-02 1.595678541130446104e-01
3.108082173869063797e-02 1.614123894888799260e-01
3.151363484866476217e-02 1.632734028209464616e-01
3.195247505759213347e-02 1.651509199947058804e-01
3.239742629528195167e-02 1.670449637052408842e-01
3.284857366030047299e-02 1.689555533466595427e-01
3.330600343624588733e-02 1.708827049460834302e-01
3.376980310825088150e-02 1.728264310990107744e-01
3.424006137971425529e-02 1.747867409062217325e-01
3.471686818926559420e-02 1.767636399124119517e-01
3.520031472796682215e-02 1.787571300467506175e-01
3.569049345675229939e-02 1.807672095655585009e-01
3.618749812411276717e-02 1.827938728227348486e-01
3.669142378402494298e-02 1.848371101969728258e-01
3.720236681413065932e-02 1.868969084101914646e-01
3.772042493417001457e-02 1.889732502710889939e-01
3.824569722466999305e-02 1.910661146234834129e-01
3.877828414589453571e-02 1.931754763002498099e-01
3.931828755705769896e-02 1.953013060803885093e-01
3.986581073580438422e-02 1.974435706494527543e-01
4.042095839796309986e-02 1.996022325635718742e-01
4.098383671757261509e-02 2.017772502173029725e-01
4.155455334718870936e-02 2.039685777678681144e-01
4.213321743847289053e-02 2.061761646209251952e-01
4.271993966306776580e-02 2.083999560986282695e-01
4.331483223376402653e-02 2.106398933147449470e-01
4.391800892596085804e-02 2.128959130404431965e-01
4.452958509942650522e-02 2.151679476874109598e-01
4.514967772036102001e-02 2.174559252951160371e-01
4.577840538376616586e-02 2.197597695223438841e-01
4.641588833612782239e-02 2.220793996431412454e-01
4.706224849841281199e-02 2.244147305374849799e-01
4.771760948938740671e-02 2.267656723514990535e-01
4.838209664925956915e-02 2.291321308490066877e-01
4.905583706365045787e-02 2.315140075000503006e-01
4.973895958790067878e-02 2.339111993636478759e-01
5.043159487171358646e-02 2.363235990997792357e-01
5.113387538414320560e-02 2.387510949847141406e-01
5.184593543892913187e-02 2.411935709294869279e-01
5.256791122018419221e-02 2.436509065008193586e-01
5.329994080844092930e-02 2.461229768052071165e-01
5.404216420705915125e-02 2.486096525927878054e-01
5.479472336900281099e-02 2.511108003898001040e-01
5.555776222398877556e-02 2.536262824445592590e-01
5.633142670601351543e-02 2.561559567506583313e-01
5.711586478126434718e-02 2.586996770694532377e-01
5.791122647641758214e-02 2.612572929509872632e-01
5.871766390733249713e-02 2.638286498252944701e-01
5.953533130814370189e-02 2.664135891265640987e-01
6.036438506075864074e-02 2.690119480541217079e-01
6.120498372476702864e-02 2.716235596886546477e-01
6.205728806776500406e-02 2.742482530045148859e-01
6.292146109610337323e-02 2.768858528673636688e-01
6.379766808606282535e-02 2.795361800261129681e-01
6.468607661546320331e-02 2.821990515842797698e-01
6.558685659571435178e-02 2.848742806832231800e-01
6.650018030431117944e-02 2.875616761720057313e-01
6.742622241778335745e-02 2.902610427864362741e-01
6.836516004510238831e-02 2.929721810906925628e-01
6.931717276155399676e-02 2.956948873991585014e-01
7.028244264308353140e-02 2.984289544825925455e-01
7.126115430111745752e-02 3.011741712754812395e-01
7.225349491787207146e-02 3.039303219561272362e-01
7.325965428215229502e-02 3.066971862909811941e-01
7.427982482564911282e-02 3.094745394852129738e-01
7.531420165974375691e-02 3.122621521629152519e-01
7.636298261282241373e-02 3.150597916931257014e-01
7.742636826811277739e-02 3.178672202909725297e-01
7.850456200204508628e-02 3.206841949981494855e-01
7.959777002314977201e-02 3.235104677039966070e-01
8.070620141149507931e-02 3.263457849263632360e-01
8.183006815867389927e-02 3.291898893073206267e-01
8.296958520834915585e-02 3.320425181195564845e-01
8.412497049736118726e-02 3.349034024242681928e-01
8.529644499741016739e-02 3.377722673080865712e-01
8.648423275731725868e-02 3.406488317088913198e-01
8.768856094587426653e-02 3.435328101726437544e-01
8.890965989529167612e-02 3.464239106691408554e-01
9.014776314524917955e-02 3.493218342616769001e-01
9.140310748756222403e-02 3.522262752116691598e-01
9.267593301146882789e-02 3.551369215254909228e-01
9.396648314954690606e-02 3.580534559732549971e-01
9.527500472427299916e-02 3.609755536222487571e-01
9.660174799522645850e-02 3.639028825558952018e-01
9.794696670695385299e-02 3.668351040558624487e-01
9.931091813749801100e-02 3.697718741815953503e-01
1.006938631476027024e-01 3.727128420761752770e-01
1.020960662306047567e-01 3.756576504218301360e-01
1.035177955630176283e-01 3.786059359675222891e-01
1.049593230558226592e-01 3.815573308982856404e-01
1.064209244064724669e-01 3.845114622079908728e-01
1.079028791516183639e-01 3.874679524627067662e-01
1.094054707205743548e-01 3.904264206880122545e-01
1.109289864895222771e-01 3.933864835224172296e-01
1.124737178364750845e-01 3.963477561907309266e-01
1.140399601970033122e-01 3.993098537762549971e-01
1.156280131207375328e-01 4.022723927881031170e-01
1.172381803286599716e-01 4.052349911200538446e-01
1.188707697711903349e-01 4.081972710893269074e-01
1.205260936870841404e-01 4.111588621825342238e-01
1.222044686631488658e-01 4.141194027364623054e-01
1.239062156947915577e-01 4.170785387091347496e-01
1.256316602474121524e-01 4.200359302120337812e-01
1.273811323186478384e-01 4.229912544945496067e-01
1.291549665014882775e-01 4.259442062345756286e-01
1.309535020482667789e-01 4.288944975876620713e-01
1.327770829355429116e-01 4.318418680306910784e-01
1.346260579298911020e-01 4.347860855869370988e-01
1.365007806546013891e-01 4.377269433317391711e-01
1.384016096573130183e-01 4.406642694806071625e-01
1.403289084785873109e-01 4.435979316574146791e-01
1.422830457214351862e-01 4.465278340062463491e-01
1.442643951218158804e-01 4.494539212430212483e-01
1.462733356201129931e-01 4.523761853184308790e-01
1.483102514336102906e-01 4.552946636918928092e-01
1.503755321299738434e-01 4.582094446706932445e-01
1.524695727017572888e-01 4.611206685839158159e-01
1.545927736419478449e-01 4.640285261266675065e-01
1.567455410205594868e-01 4.669332639400735063e-01
1.589282865622976271e-01 4.698351814469924337e-01
1.611414277253019889e-01 4.727346321936364837e-01
1.633853877809860466e-01 4.756320230957841177e-01
1.656605958949915192e-01 4.785278110267748297e-01
1.679674872092653259e-01 4.814225022602946491e-01
1.703065029252842644e-01 4.843166485911328256e-01
1.726780903884355955e-01 4.872108431566883890e-01
1.750827031735723294e-01 4.901057166037025570e-01
1.775208011717636092e-01 4.930019306159376669e-01
1.799928506782476345e-01 4.959001722244709143e-01
1.824993244816150439e-01 4.988011488209998512e-01
1.850407019542302245e-01 5.017055776729875127e-01
1.876174691439119468e-01 5.046141838689157666e-01
1.902301188668945875e-01 5.075276869914514544e-01
1.928791508020777645e-01 5.104468003225068884e-01
1.955650715865946965e-01 5.133722182453066551e-01
1.982883949127071388e-01 5.163046151632179059e-01
2.010496416260497132e-01 5.192446362166354135e-01
2.038493398252464173e-01 5.221928964519646499e-01
2.066880249629081956e-01 5.251499758660848061e-01
2.095662399480430760e-01 5.281164201703514305e-01
2.124845352498882789e-01 5.310927412537386205e-01
2.154434690031882260e-01 5.340794210382040497e-01
2.184436071149428449e-01 5.370769159123528480e-01
2.214855233726359396e-01 5.400856663379088873e-01
2.245697995539771563e-01 5.431061060546135133e-01
2.276970255381680075e-01 5.461386756007404752e-01
2.308677994187167404e-01 5.491838367981782820e-01
2.340827276178294447e-01 5.522420901804601101e-01
2.373424250023866144e-01 5.553139918312469669e-01
2.406475150015421616e-01 5.584001741984437883e-01
2.439986297259550130e-01 5.615013627572118526e-01
2.473964100886811568e-01 5.646183973351579510e-01
2.508415059277541159e-01 5.677522468937107325e-01
2.543345761304648400e-01 5.709040239928157012e-01
2.578762887593803455e-01 5.740749987820756850e-01
2.614673211801092356e-01 5.772666012584894979e-01
2.651083601908535980e-01 5.804804272089915118e-01
2.688001021537607671e-01 5.837182324620119322e-01
2.725432531281027915e-01 5.869819217416772927e-01
2.763385290053172461e-01 5.902735338599917059e-01
2.801866556459195468e-01 5.935952165152150739e-01
2.840883690183301225e-01 5.969491977408495353e-01
2.880444153396297668e-01 6.003377512230972934e-01
2.920555512182745339e-01 6.037631574169403104e-01
2.961225437988037612e-01 6.072276642688471116e-01
3.002461709085549324e-01 6.107334397978018137e-01
3.044272212064299543e-01 6.142825401529806717e-01
3.086664943337274480e-01 6.178768678819778204e-01
3.129648010670750269e-01 6.215181445556563489e-01
3.173229634734979765e-01 6.252078965933901555e-01
3.217418150676371602e-01 6.289474363946105928e-01
3.262222009711666648e-01 6.327378794686200347e-01
3.307649780744242318e-01 6.365801513629625319e-01
3.353710152002928879e-01 6.404750231650272463e-01
3.400411932703709672e-01 6.444231548367189699e-01
3.447764054734464012e-01 6.484251445665826230e-01
3.495775574363271798e-01 6.524815905785604775e-01
3.544455673970435816e-01 6.565931474277646451e-01
3.593813663804625858e-01 6.607605855862755950e-01
3.643858983763548220e-01 6.649848379351593897e-01
3.694601205199302685e-01 6.692670270129537080e-01
3.746050032748989289e-01 6.736084821174721515e-01
3.798215306190736440e-01 6.780107228801688368e-01
3.851107002325568907e-01 6.824754154975318787e-01
3.904735236885564231e-01 6.870043101519719420e-01
3.959110266468458539e-01 6.915991474652668503e-01
4.014242490499317917e-01 6.962615460191957650e-01
4.070142453219439127e-01 7.009928839793608812e-01
4.126820845702952045e-01 7.057941799790005133e-01
4.184288507901584575e-01 7.106659877002581283e-01
4.242556430717777105e-01 7.156083093941879580e-01
4.301635758106790441e-01 7.206205470675783875e-01
4.361537789208005944e-01 7.257014977955579260e-01
4.422273980505896929e-01 7.308493962156653589e-01
4.483855948021190918e-01 7.360620095452885536e-01
4.546295469532399269e-01 7.413367603166027830e-01
4.609604486828429160e-01 7.466708715082238657e-01
4.673795107992463338e-01 7.520615084658761607e-01
4.738879609717651098e-01 7.575059008231629365e-01
4.804870439655133940e-01 7.630014164107650210e-01
4.871780218794630746e-01 7.685455699758002579e-01
4.939621743878315763e-01 7.741359555480830101e-01
5.008407989848212560e-01 7.797701007326474087e-01
5.078152112327670720e-01 7.854452647545199229e-01
5.148867450137497581e-01 7.911582129069673064e-01
5.220567527846975420e-01 7.969049943338011310e-01
5.293266058360556192e-01 8.026807787300512809e-01
5.366976945540475885e-01 8.084797931463119092e-01
5.441714286865887429e-01 8.142953820070024662e-01
5.517492376129128351e-01 8.201201930296690978e-01
5.594325706169377410e-01 8.259464828801899028e-01
5.672228971644537321e-01 8.317664623308481664e-01
5.751217071841613349e-01 8.375726094449605919e-01
5.831305113526218387e-01 8.433578751231791681e-01
5.912508413831881748e-01 8.491157099935489061e-01
5.994842503189409255e-01 8.548398954888888346e-01
6.078323128297223876e-01 8.605242283497526179e-01
6.162966255132942273e-01 8.661621217861698030e-01
6.248788072006887795e-01 8.717462865720381204e-01
6.335804992658253809e-01 8.772686002580872833e-01
6.424033659394190465e-01 8.827202772407765075e-01
6.513490946272796345e-01 8.880923041644794846e-01
6.604193962330304757e-01 8.933760496520755101e-01
6.696160054853215193e-01 8.985638706148594279e-01
6.789406812696112681e-01 9.036493766955684404e-01
6.883952069645495886e-01 9.086273241791136268e-01
6.979813907830653141e-01 9.134930462359854841e-01
7.077010661181889484e-01 9.182417127594524331e-01
7.175560918936920718e-01 9.228678064345042786e-01
7.275483529196232757e-01 9.273652130345646505e-01
7.376797602527730424e-01 9.317278886869592158e-01
7.479522515621813694e-01 9.359509148047965299e-01
7.583677914997191127e-01 9.400312517918734123e-01
7.689283720758305352e-01 9.439676094656106464e-01
7.796360130405236566e-01 9.477594214082646351e-01
7.904927622696420464e-01 9.514056178908945061e-01
8.015006961565412924e-01 9.549041721662502313e-01
8.126619200091945716e-01 9.582529484875411674e-01
8.239785684528511123e-01 9.614512672864760079e-01
8.354528058382871825e-01 9.645007099456438526e-01
8.470868266557401993e-01 9.674042758082299631e-01
8.588828559546258790e-01 9.701644630295209737e-01
8.708431497690723999e-01 9.727823726696438467e-01
8.829699955494082486e-01 9.752589596760461443e-01
8.952657125996400511e-01 9.775972430180021044e-01
9.077326525210223096e-01 9.798023853648332171e-01
9.203731996618230715e-01 9.818792062484159588e-01
9.331897715733238341e-01 9.838305702700874678e-01
9.461848194721992344e-01 9.856592823086444133e-01
9.593608287093147169e-01 9.873706950169230945e-01
9.727203192450537550e-01 9.889712021419025945e-01
9.862658461312830971e-01 9.904650181325876934e-01
1.000000000000000000e+00 9.918554550030784789e-01
