9.999999999999999547e-07 0.000000000000000000e+00
1.149756995397735701e-06 9.282404950202761702e-07
1.321941148466028818e-06 1.995489471440664891e-06
1.519911082952933046e-06 3.222563769470219792e-06
1.747528400007682905e-06 4.633397486761282678e-06
2.009233002565045763e-06 6.255508741908204735e-06
2.310129700083158172e-06 8.120536317281003109e-06
2.656087782946684055e-06 1.026485663914365733e-05
3.053855508833412301e-06 1.273029311684399879e-05
3.511191734215127549e-06 1.556493165999797465e-05
4.037017258596557874e-06 1.882405825865771250e-05
4.641588833612781958e-06 2.257123688639446003e-05
5.336699231206313025e-06 2.687954870647669677e-05
6.135907273413175477e-06 3.183301670975782294e-05
7.054802310718645520e-06 3.752824349565966758e-05
8.111308307896872700e-06 4.407629405491219092e-05
9.326033468832199718e-06 5.160486015768118192e-05
1.072267222010323074e-05 6.026074840517558302e-05
1.232846739442065846e-05 7.021274026480157676e-05
1.417474162926804794e-05 8.165487959659658299e-05
1.629750834620643444e-05 9.481025142718557154e-05
1.873817422860383000e-05 1.099353251906431549e-04
2.154434690031886725e-05 1.273249465077737450e-04
2.477076355991713903e-05 1.473180740189336296e-04
2.848035868435804817e-05 1.703043720468907737e-04
3.274549162877731943e-05 1.967317861858917894e-04
3.764935806792471469e-05 2.271152476168880499e-04
4.328761281083061836e-05 2.620466733259531442e-04
4.977023564332113960e-05 3.022064538430718067e-04
5.722367659350220323e-05 3.483766480259463394e-04
6.579332246575682688e-05 4.014561362473323316e-04
7.564633275546290073e-05 4.624780196104418505e-04
8.697490026177834418e-05 5.326295940791830495e-04
1.000000000000000048e-04 6.132752752531371631e-04
1.149756995397735633e-04 7.059829026266297618e-04
1.321941148466028784e-04 8.125539122077024253e-04
1.519911082952933080e-04 9.350579340659964135e-04
1.747528400007684836e-04 1.075872447446329623e-03
2.009233002565047864e-04 1.237728211220153569e-03
2.310129700083160510e-04 1.423761282225594624e-03
2.656087782946686443e-04 1.637572539157196218e-03
3.053855508833415791e-04 1.883295745041637867e-03
3.511191734215130954e-04 2.165675306869200775e-03
4.037017258596553842e-04 2.490155026391977118e-03
4.641588833612782196e-04 2.862979280306163134e-03
5.336699231206312212e-04 3.291308216502992351e-03
6.135907273413176120e-04 3.783348704443839812e-03
7.054802310718645249e-04 4.348502924255828739e-03
8.111308307896872294e-04 4.997536614052647611e-03
9.326033468832199040e-04 5.742769103339479334e-03
1.072267222010323115e-03 6.598287316029582267e-03
1.232846739442065853e-03 7.580185934072950632e-03
1.417474162926804808e-03 8.706835802020550241e-03
1.629750834620645071e-03 9.999182405567890591e-03
1.873817422860385006e-03 1.148107580654931549e-02
2.154434690031884272e-03 1.317963268877405877e-02
2.477076355991711300e-03 1.512563006606862555e-02
2.848035868435802066e-03 1.735392860106859531e-02
3.274549162877728528e-03 1.990392122514354420e-02
3.764935806792467539e-03 2.281999965871528424e-02
4.328761281083061754e-03 2.615202727188859280e-02
4.977023564332113716e-03 2.995580095765441528e-02
5.722367659350220161e-03 3.429347775941120335e-02
6.579332246575681983e-03 3.923393250386428277e-02
7.564633275546290940e-03 4.485300093699214063e-02
8.697490026177834635e-03 5.123354839787562509e-02
1.000000000000000021e-02 5.846528638046431803e-02
1.149756995397735633e-02 6.664423837365525405e-02
1.321941148466028795e-02 7.587173162965944739e-02
1.519911082952933069e-02 8.625276572825150978e-02
1.747528400007682808e-02 9.789357282176786024e-02
2.009233002565045945e-02 1.108981679363584688e-01
2.310129700083158114e-02 1.253636372779030617e-01
2.656087782946689457e-02 1.413738914256307821e-01
3.053855508833418567e-02 1.589915830985506595e-01
3.511191734215134835e-02 1.782478835481662582e-01
4.037017258596557745e-02 1.991297918308271575e-01
4.641588833612782239e-02 2.215648103574847649e-01
5.336699231206312732e-02 2.454031746540850656e-01
6.135907273413175600e-02 2.703987823800985679e-01
7.054802310718645553e-02 2.961920115232093420e-01
8.111308307896872294e-02 3.223010494340866061e-01
9.326033468832199691e-02 3.481319950114592499e-01
1.072267222010323123e-01 3.730163814919381648e-01
1.232846739442065853e-01 3.962667492032516670e-01
1.417474162926804782e-01 4.172011010331623249e-01
1.629750834620643518e-01 4.350681482158877400e-01
1.873817422860382942e-01 4.489290391952580062e-01
2.154434690031886701e-01 4.578174821676728734e-01
2.477076355991713885e-01 4.612953091359968116e-01
2.848035868435804807e-01 4.594454312069621293e-01
3.274549162877731789e-01 4.522196454038303615e-01
3.764935806792471529e-01 4.407857614436506144e-01
4.328761281083061685e-01 4.283450993510763416e-01
4.977023564332113681e-01 4.208767745973739371e-01
5.722367659350220404e-01 4.289100798197336695e-01
6.579332246575682053e-01 4.657074154409412414e-01
7.564633275546290836e-01 5.404340167554623209e-01
8.697490026177834288e-01 6.483260491409952309e-01
1.000000000000000000e+00 7.680773590333279666e-01
