9.999999999999999547e-07 0.000000000000000000e+00
1.149756995397735701e-06 8.819605601034258570e-07
1.321941148466028818e-06 1.895998860253591531e-06
1.519911082952933046e-06 3.061893814510763906e-06
1.747528400007682905e-06 4.402386157951360360e-06
2.009233002565045763e-06 5.943621932562687038e-06
2.310129700083158172e-06 7.715662366517026950e-06
2.656087782946684055e-06 9.753070082737667814e-06
3.053855508833412301e-06 1.209558305833103236e-05
3.511191734215127549e-06 1.478888946371262362e-05
4.037017258596557874e-06 1.788551847297986316e-05
4.641588833612781958e-06 2.144586439321042993e-05
5.336699231206313025e-06 2.553936404400743718e-05
6.135907273413175477e-06 3.024585030998365473e-05
7.054802310718645520e-06 3.565710819107042919e-05
8.111308307896872700e-06 4.187866361519313287e-05
9.326033468832199718e-06 4.903183978412359382e-05
1.072267222010323074e-05 5.725612100333798710e-05
1.232846739442065846e-05 6.671186989315564214e-05
1.417474162926804794e-05 7.758345070333282859e-05
1.629750834620643444e-05 9.008281928472198303e-05
1.873817422860383000e-05 1.044536492552431800e-04
2.154434690031886725e-05 1.209760741982628921e-04
2.477076355991713903e-05 1.399721375412985621e-04
2.848035868435804817e-05 1.618120552956949995e-04
3.274549162877731943e-05 1.869214123199172716e-04
3.764935806792471469e-05 2.157894305098659868e-04
4.328761281083061836e-05 2.489784675896110334e-04
4.977023564332113960e-05 2.871349283433903121e-04
5.722367659350220323e-05 3.310017965741468516e-04
6.579332246575682688e-05 3.814330262259361688e-04
7.564633275546290073e-05 4.394100644403345747e-04
8.697490026177834418e-05 5.060608183570360161e-04
1.000000000000000048e-04 5.826814217578041777e-04
1.149756995397735633e-04 6.707612078267099131e-04
1.321941148466028784e-04 7.720113509620951794e-04
1.519911082952933080e-04 8.883977043914344750e-04
1.747528400007684836e-04 1.022178431952263560e-03
2.009233002565047864e-04 1.175947112417780483e-03
2.310129700083160510e-04 1.352682083641748925e-03
2.656087782946686443e-04 1.555802892149259643e-03
3.053855508833415791e-04 1.789234821412096985e-03
3.511191734215130954e-04 2.057482588665342834e-03
4.037017258596553842e-04 2.365714425324621974e-03
4.641588833612782196e-04 2.719857888510474834e-03
5.336699231206312212e-04 3.126708886165061214e-03
6.135907273413176120e-04 3.594055534129305535e-03
7.054802310718645249e-04 4.130818592377534688e-03
8.111308307896872294e-04 4.747210341998715777e-03
9.326033468832199040e-04 5.454913849487211946e-03
1.072267222010323115e-03 6.267284594237043822e-03
1.232846739442065853e-03 7.199576411385697275e-03
1.417474162926804808e-03 8.269193556695109484e-03
1.629750834620645071e-03 9.495970412693496843e-03
1.873817422860385006e-03 1.090247985888506341e-02
2.154434690031884272e-03 1.251437054947210706e-02
2.477076355991711300e-03 1.436073218688390871e-02
2.848035868435802066e-03 1.647448617659865930e-02
3.274549162877728528e-03 1.889279676449833606e-02
3.764935806792467539e-03 2.165749456032616677e-02
4.328761281083061754e-03 2.481550012878240910e-02
4.977023564332113716e-03 2.841922931828257115e-02
5.722367659350220161e-03 3.252695531438386245e-02
6.579332246575681983e-03 3.720309243516674996e-02
7.564633275546290940e-03 4.251835531763833304e-02
8.697490026177834635e-03 4.854973263145184736e-02
1.000000000000000021e-02 5.538019698171495198e-02
1.149756995397735633e-02 6.309805216617167534e-02
1.321941148466028795e-02 7.179579843631699043e-02
1.519911082952933069e-02 8.156837304713115966e-02
1.747528400007682808e-02 9.251059784056371582e-02
2.009233002565045945e-02 1.047136484387112959e-01
2.310129700083158114e-02 1.182603588998895200e-01
2.656087782946689457e-02 1.332191882951713480e-01
3.053855508833418567e-02 1.496367109211819701e-01
3.511191734215134835e-02 1.675285914800930531e-01
4.037017258596557745e-02 1.868691536777854212e-01
4.641588833612782239e-02 2.075798811476148031e-01
5.336699231206312732e-02 2.295174969056217873e-01
6.135907273413175600e-02 2.524626570568752060e-01
7.054802310718645553e-02 2.761107143562619437e-01
8.111308307896872294e-02 3.000664244378659640e-01
9.326033468832199691e-02 3.238448617440214949e-01
1.072267222010323123e-01 3.468811792977877229e-01
1.232846739442065853e-01 3.685516889183927391e-01
1.417474162926804782e-01 3.882059594675443259e-01
1.629750834620643518e-01 4.052013886288710620e-01
1.873817422860382942e-01 4.189229901267643719e-01
2.154434690031886701e-01 4.287830124344121918e-01
2.477076355991713885e-01 4.342230647638304353e-01
2.848035868435804807e-01 4.346516708875001189e-01
3.274549162877731789e-01 4.291311341251674571e-01
3.764935806792471529e-01 4.161590203590567749e-01
4.328761281083061685e-01 3.934905139304383792e-01
4.977023564332113681e-01 3.580660237123515222e-01
5.722367659350220404e-01 3.075135825565164516e-01
6.579332246575682053e-01 2.428713066029605516e-01
7.564633275546290836e-01 1.713561531525091830e-01
8.697490026177834288e-01 1.050811674328937240e-01
1.000000000000000000e+00 5.471397859143777714e-02
