# pp->HZ event at 14 TeV (LHC), simulated with Herwig 6.5 + Jimmy 4.31 
# for the UE. 
# 
# The Z here has decayed to neutrinos, the Higgs to b+bbar.
#
# The Higgs-boson mass is 115 GeV.
#
# The last column indicates whether a particle is associated with a b-tag
# (0 = no, 1 = yes)
-1.35194159364939 0.768191168836346 2.08738611387629 2.60663083650542 0
-0.968272678236199 0.98073841694168 4.30550720378218 4.65634820365748 0
-0.566057123565463 0.368716838979588 26.1114704136713 26.1205566468044 0
0.177670026733591 -0.205256392723429 3.69357399706879 3.70599585771167 0
-0.349882854860657 0.245776275558561 22.6361865740681 22.6406547253093 0
-0.0072774757217997 -0.811438393116897 -1920.26922278339 1920.26939931201 0
-0.00245119305047389 -0.0255610074026593 -65.9226213526076 65.9227645428582 0
-0.578729815777135 0.0730827216195882 -5.91431604455121 6.01662315186888 0
-0.944594071799585 1.90055649046254 -11.3940269670813 11.6279221726581 0
-0.503127387854872 0.363189711756463 -1.31807045583412 1.46350040880697 0
-2.74292698008799 2.37484388297042 -8.90364452542964 9.66029034277386 0
-0.434605318606232 0.13955845107916 -1.75937397741622 1.82297419661876 0
-0.99121325989638 2.48959720693005 -7.2440829812013 7.72507708717387 0
-0.702577773483887 1.3876513541954 -7.74188664223785 7.91199851695226 0
-0.303667259613015 0.136119735003879 -1.2102377578347 1.56786785227811 0
0.358982175652692 0.962964004236902 -0.00238757156387695 1.03713709859897 0
0.901496335932751 0.870756879643562 0.878216838413381 1.53676861866696 0
0.40816456512544 -0.518102892538801 72.8761796734588 72.8792893236352 0
1.50936424310078 -0.195397563781414 138.799645366476 138.80805954364 0
-0.766499922733435 1.32228438414859 13.2154631555174 13.3042814283166 0
-0.384652179228076 0.937629773172678 20.5823985373762 20.6077765914305 0
-0.339380109767762 -0.455743835642341 49.1487825049122 49.1666499751386 0
0.368920610675355 0.497724236334366 409.621172576895 409.621663336673 0
-0.368905629938279 -0.497668052320038 377.113997494173 377.114530468517 0
-0.449145350456371 -0.102218895599268 -0.870561611059541 0.994755021100519 0
-0.0798831342853646 0.0377745155471996 -0.547994869271067 0.571249688241046 0
-1.37012358788498 1.05086356792057 -5.83891916180602 6.10886649100855 0
-0.129220537035976 -0.0375975974023581 -0.228045729846199 0.297213697233794 0
-0.185729518605118 0.410714168474908 -0.175789444628518 1.05566761057168 0
0.798935208196712 -0.910166505387819 -91.2112130111785 91.2193526566891 0
0.877659869310977 0.0919643745803257 -160.402024739589 160.405211900344 0
-0.243311513595379 -0.346848622056797 0.532941174181584 0.694082383301017 0
0.493229644455299 -0.0681422348036241 -0.0101006419821567 0.517204654079973 0
0.104802691177738 -0.0861989380305043 0.0281181973696199 0.196683194297327 0
-0.503850890442969 0.78643336542245 1.80704551266254 2.32003084739916 0
-0.443367346864558 0.541050614179988 1.13800746923778 1.34307526085147 0
-0.00372480606688792 0.140290300509759 262.441194892298 262.442914294756 0
0.00379497752742566 -0.14032627410842 158.829701074621 158.832542135116 0
0.406265655708239 -0.219293916456053 11.3281788187476 11.3384415480799 0
-0.260935081513365 -0.183330211244141 1.57017034310032 1.60829467895998 0
-0.106065339524228 -0.0930462086690599 -2.34426857780095 2.52900241418646 0
0.158069073784655 0.46833976056477 -1.00475828525066 1.46089622084967 0
0.721310625100339 0.840141883325138 -4.39912039508158 4.53848735123526 0
0.349694949224077 0.153720648008775 -4.12532290463311 4.14532091007773 0
-0.292197209549193 0.0466480036490114 -0.285505728488144 0.434221776759663 0
0.811245075914447 -0.55445936335141 -0.696767639503262 1.21212561340087 0
0.148659671938761 0.174445757248141 3.23762261293752 3.24872451725091 0
-1.08021170019098 -0.920377317273679 15.4494731404786 15.515142662143 0
-0.642950082975997 0.160225761305582 2.872789196909 2.95151734851107 0
-0.693456451221634 -1.16281274574434 13.9779818476725 14.0440902749223 0
-0.9814887505959 -0.833661791130116 7.59794799056979 7.70756807312398 0
-0.933674532177283 -3.13100951843097 21.3991029252341 21.6475415353847 0
-0.294327533933989 -0.107031343159888 1.18770762728035 1.23620936675394 0
0.0959262113320887 -0.216799897283836 4.01791337958934 4.02716420819487 0
1.32570983713679 -0.505597823546188 15.2394042970305 15.3059073125446 0
1.3893349651732 0.182250099599768 20.3607340467403 20.4093404417376 0
-0.0206635491084977 -0.238585591917597 3.41679771609202 3.42802224096112 0
0.689656145013895 -0.109910866360628 20.2583349045083 20.2708489927043 0
-0.424693842932779 1.32578243416894 -8.39764016591794 8.51332155387156 0
-0.732132656505302 1.74112450313852 -6.99085271107189 7.24286091092132 0
-0.0215022896303594 0.595579369203977 -3.38408212574798 3.43880917872564 0
-1.51617771086492 1.85484638004683 -7.91521912831562 8.27092276557761 0
-0.245475838737352 -0.316071089023749 0.186143240051075 0.461549809811657 0
1.16927014238813 0.690685433530244 -3.03916130094199 3.3316993009596 0
-0.312419613377087 0.372074649740381 -1.86914737739971 1.93629472527875 0
-0.0386670305385691 -0.0451088571686279 4.56965362207686 4.57217059599769 0
0.0386903762634364 0.0450953584122497 92.5077006459937 92.5078250156723 0
-0.0165018368363565 -0.39644782205151 0.326219647374447 1.07081941963221 0
-0.029820723337834 0.0548878104718535 -5.2670898360597 5.26918939579915 0
-0.336787607099637 -0.0282146584009519 -9.83135004946679 9.83814746480735 0
0.702519518938511 0.371127778501582 -49.0544398702082 49.0610723513789 0
-0.416361052420532 0.214555425669056 -2.54171571269542 2.5880357264187 0
-0.617733636578996 1.45017935269976 -8.52721437866195 8.67280115333661 0
-0.102176241513307 -0.413598688628137 -0.35177855518689 0.569852433840618 0
-0.0892363838103483 -0.0379276691369091 0.0265487904941684 0.168303532222024 0
-0.0446532358747185 -0.0280861328848778 -29.4081542842486 29.4085113657407 0
0.202958545231936 0.0307757753897338 7.97418707299529 7.9780497980057 0
-0.158783304052023 0.20722356373157 -0.304040433407744 0.424351402799682 0
-0.248654583908356 -0.115429645701963 13.1783878767404 13.1819778455254 0
-0.350172592746259 0.0897903298969589 3.69108096571164 3.74145450137943 0
-0.310169784763957 -0.615331296778831 -9.30734580060086 9.37999549770886 0
-0.00385981225907944 -0.0843201766639559 -3.80383521750605 3.80733068398092 0
-0.24362850061628 0.128278853095545 -11.7145116604827 11.7185781364016 0
0.281192972363904 -0.108958551797618 -19.9934805818145 20.0018480939015 0
0.256924853266679 -0.107114290921895 -159.588038567566 159.591039498736 0
-0.32401348931474 -0.0852704348596055 -455.49853833778 455.499627918877 0
0.203378008332932 1.88530366573003 1.09877605416877 2.3839865638051 0
-1.1524909693105 0.131390929257033 1.7696604494247 2.12053693714383 0
-0.0108190537382637 0.729260890035956 0.632061604822694 0.97450498734017 0
-0.312932982241877 0.173289166158839 52.3973374070432 52.3987442914323 0
0.312976648392137 -0.173125399876879 48.8992941528653 48.9008013760498 0
0.037178461873113 -0.00766416859223074 -0.179466833221167 0.230497519799877 0
-0.254542137866583 0.896110046992518 0.3115677219267 0.992148752212699 0
0.424331282538735 -0.291052181527819 -63.3843298219813 63.386572041532 0
0.314951534992057 0.0174673254834337 -19.8295823983242 19.832582218503 0
-0.319312495908579 -0.0102764357237068 -7.27412953254739 7.28247940720416 0
-0.652593284643664 0.126361980964006 -0.596790937714347 1.02064916162858 0
0.102879836725066 0.249402233134716 1.09554368458473 1.13687355692295 0
-0.544475141682871 0.00469678426101422 0.603571932535742 0.82477518290617 0
-0.246231694769613 0.0322174640520605 -0.955004845950408 0.995952744204174 0
0.212040116303164 -0.00846423017282641 -0.0714303032554944 0.263846029413842 0
-0.0400138241622105 -0.373534709965601 -15.1391868281319 15.1444903145552 0
-0.277067609673154 -0.00154195296000921 -0.389457522170103 0.687143319784019 0
-1.15294546196329 -0.144584919964339 0.462369707626454 1.73139843591052 0
0.22419906227468 0.453900010091862 57.5666461981791 57.581157658604 0
0.0893672374357921 0.478468459623805 171.49136585877 171.492113411846 0
0.0690446779849971 0.0129392403866179 0.333552405887968 0.368336237524201 0
-0.177685195284075 -0.208495095873854 4.7194123708117 4.72928271091897 0
0.177847121617372 0.208412083878919 75.8779210885393 75.8785440931682 0
0.0792460198911124 -0.0137543955514376 -0.0468589314601218 0.167763701148825 0
-0.0540426156356482 -0.0560691684828232 2.17766291116001 2.18352006986448 0
0.175187506984217 -0.605845393257365 0.867000457220001 1.42470336872424 0
-0.144849026981828 0.521795604598768 1.36272537030448 1.7408684388453 0
0.736887372687445 0.0534026942190783 -2.00443536575781 2.3337540076402 0
0.179749308651625 -0.505354592319572 -3.89796249736724 4.0450161064847 0
-0.167478550990779 0.577674691551561 -1.85656507907171 1.95654562738253 0
0.441784612956258 -1.12991730692595 1.41106764411433 2.20854500090038 0
-0.108830592245239 0.327967668457767 -0.178610973015604 0.628513095681908 0
-1.44671483531926 -0.45380055503427 3.02421162861307 3.38570440728672 0
-0.0691999365288936 0.0965624502016721 -0.366738791863824 0.409987883189602 0
-0.218075972391207 0.111458029254148 19.5612145376727 19.5632132792974 0
0.550325546495294 -0.2515920882401 3.04523696954726 3.1077072878712 0
-0.548694925509371 0.250649245147446 1.52727751530148 1.64801321566854 0
-0.0906272271474045 -0.001456434564948 3.38955780988798 3.39364072155181 0
-0.0316600884225738 -0.637024226002804 -5.2426984109187 5.30437638143853 0
-0.621247562684071 -1.07507607736247 -0.886910723706801 1.53226222396302 0
-0.0101298580819802 0.340557583289261 -0.334750187813881 0.496346018622101 0
-0.35982060220197 0.0440922931837573 3.00338116431418 3.0283977940727 0
-0.254781150835212 -0.257723790252383 27.12167357808 27.1285869997906 0
0.25538603091932 0.253327948131567 28.5403781232483 28.5429641083838 0
0.0425147851422893 -0.0788950491637855 1.91072729922602 1.91791306701994 0
-0.284677993523514 0.505478727484839 -0.141786136463839 1.11330382076485 0
-0.0974611000337037 0.180351413853851 0.128782105415603 0.549845497912039 0
0.0948353819003351 -0.179733609754823 -0.176126087958418 0.300895196696819 0
0.112710084648234 -0.411090945856978 7.51297590543071 7.61847613663844 0
0.305705191332479 -0.101755376234694 -23.9421760656306 23.9447243496069 0
-0.242501666495898 0.133373242142247 -29.0808168774431 29.0824686972109 0
-0.129476249255323 -0.147812441125089 -11.1653757206055 11.1679204509863 0
-0.229434795591251 0.178460416857219 -0.651719023120275 0.726254591248618 0
-0.402219477494534 0.706767946148962 -3.95504446488529 4.24648562543186 0
0.403559088902198 0.147202933443136 -3.26984702405904 3.42917190987818 0
-0.181496602461359 -0.326444724131227 -24.4262061601032 24.4294603774905 0
-0.0474649543617805 0.0263457889468532 -0.80949616500107 0.822466208448249 0
-0.11696137171856 0.0282615141097094 -1.87848703958661 1.88750417706794 0
-0.234573728945833 0.178026039455829 -0.644106982239724 0.721852959061501 0
0.229888173983675 -0.167332368798137 -0.2166558743228 0.383755452031266 0
0.128535078542167 -0.00282342497931809 -7.54201931626069 7.54440616549068 0
0.134801839583654 0.0306134986673107 -13.4119491334523 13.4133876431522 0
-0.110201810591842 -0.0174168064838332 -7.55286397572318 7.56980329746967 0
0.148158532883274 -0.0738063108105221 -1.02368367343203 1.04572758691395 0
-0.130151159464755 0.0840005689946768 -14.5190174658141 14.5204711766842 0
0.0227946450943743 -0.0708949697107409 36.7166924953293 36.7170161245375 0
0.0154470453392846 0.484256084291043 36.6012219175511 36.604694619804 0
0.0990975238545068 -0.0294350612484335 4.08371767868123 4.08725536535685 0
0.0225083220857268 0.0936236929925136 -0.055326577336205 0.174793166377895 0
-0.202591079708356 0.240234676819217 2.65252723768476 2.71631672206747 0
-0.174112004212024 0.170417916110397 -18.7449595831165 18.7470623515716 0
0.670259452627145 -0.41660350527462 -26.769142077088 26.7853223557262 0
-0.319560638893508 0.247804231393392 -23.9146002268853 23.9184261550728 0
-0.234088102947196 -0.00833746276545462 0.593123915958826 0.652795923554303 0
-0.29401082875006 0.320661016892294 1.8941300665203 2.00517193937899 0
0.169328913148375 0.341246306418919 26.084910726699 26.0880656378971 0
-0.169261492751911 -0.341280869676765 67.1532932822073 67.1545094564132 0
-0.0991444723219491 0.118630143523587 9.66441452505116 9.66665871096441 0
0.219885903799088 -0.133902439503244 0.625620828272111 0.689855561086771 0
-0.219187513305782 0.133498622394134 2.991181264975 3.00541348120483 0
0.0359080858246733 0.171605103606671 73.6303243027393 73.638985470461 0
-0.339857177967739 -0.401207509958567 0.22617068056812 0.588084300599833 0
0.353668597415266 0.393221594446457 -0.469725305079193 0.720115380872008 0
0.20996566683364 -0.327229700731619 6.70346104118469 6.73285041653019 0
0.142694741535904 0.143457583673307 5.41874741800835 5.4242036326218 0
-0.140253376548178 -0.161199703685661 4.39175076628357 4.42457354890319 0
-0.31897970854895 0.42601984234352 1.11976899809436 1.24763911229554 0
-0.148718481085761 -0.0185083327994707 -18.8348535275257 18.8359668436013 0
0.00211147690121311 0.564959321537075 -2.79714413619439 3.09158069148664 0
-0.0140299713984802 -0.531527713264657 -1.68216887042128 2.12769429634057 0
0.0546169121111847 0.270844662580657 -1.29886938334727 1.33477380620609 0
-0.280286541645873 -0.187521029605472 -7.587417641023 7.65280490579625 0
0.289848765601466 0.202220698253991 -4.07893701141867 4.20064571771342 0
0.819210828982058 0.364755896205077 -5.94772646206718 6.01656738503044 0
0.281793540396003 -0.225681009198425 -0.625757834620813 0.735793564670867 0
0.167007948828443 0.0447050072245553 -0.0237386813292256 0.223458055424462 0
-0.0235805838498613 -0.258049273464803 -1.86217325174734 1.88528896349967 0
0.36430763283297 0.091334982041283 -3.12355983877383 3.14915353413987 0
0.323563392198079 0.495640067269633 -18.2616352649367 18.2717583904651 0
-0.291250686686158 -0.478108931132351 -9.34852309891132 9.36624358234411 0
-0.165358246783262 0.279236489028299 -41.4118184902135 41.4301665383205 0
-0.724185741807861 -0.129611191424723 -1.33898954699629 2.01989374635045 0
-0.111909830615684 0.147205341214095 0.716720309904154 0.753233702246186 0
0.112539838008908 -0.144842550636499 4.84047881484334 4.84596321916099 0
0.0453714293614444 0.0154156812402268 0.0998869340508095 0.174623050667635 0
0.00799288328915386 -0.146714231068239 0.629257415337066 0.661085192269425 0
0.717827848262637 0.195646837448568 -43.6830912693376 43.689649771255 0
0.271656391761679 -0.0480806918326975 -0.0339150980732438 1.22923795173652 0
-0.293022820514336 -0.0513911695052322 -0.708328080363197 0.780033137421933 0
0.406193701219733 0.0140685609641742 -1.41916070848463 1.48279740650056 0
0.115119746747716 1.21603492308387 -0.958688369758071 1.81490183356022 0
0.0261837188443096 -0.162146372074475 0.167269315616075 0.272829327521991 0
0.0679907875768919 -0.0681823961923304 13.4114847060393 13.4125095790113 0
-0.0677654899623503 0.0680668967299732 1.00431203426903 1.01788384732143 0
0.227652879468011 0.136893137578442 6.35037652348403 6.35746233489143 0
0.199671867478559 -0.0419878978205715 5.86236886046773 6.09969316805424 0
0.462064242218333 -0.571961688928216 0.690334469456705 1.01755826253758 0
-0.285378654164192 0.17666650278058 3.09953639518569 3.12077837717419 0
0.285763161930014 -0.176888829424359 2.9756146133962 2.9975743811536 0
0.304350815879223 0.0230705765181854 0.539197344044734 0.635118281387118 0
0.073942543752845 -0.123724578619197 0.776463917089275 0.801967125618476 0
-0.0706907271027424 0.121844342259187 -0.11392439759982 0.225923861969846 0
-0.0333114489088157 -0.0511904434527131 0.0729315985959048 0.165132469862969 0
-0.424077414065565 0.154805778913694 -7.59024556566089 7.66133048642599 0
-0.122927907898993 0.823765762743089 -3.44620027874306 3.57962534436453 0
0.128981497123992 -0.809473716798848 -5.77193968688578 5.85071718819459 0
-0.00574046106214689 -0.42431026304637 -6.70350273526304 6.71837040202449 0
0.40632659994608 -0.425797788270509 -1.0762540234938 1.32228882162952 0
-0.314664451743415 0.468478067959141 -3.96338526702405 4.00563700210254 0
0.317006320953215 -0.458436051557406 -1.26134449614973 1.3860470207605 0
0.116177851442199 -0.329114627941103 -0.639402692837596 0.741707031110334 0
-0.223369509204843 -0.195952271848809 0.684596270648701 1.41093233157059 0
0.517908925434152 -0.12381946562217 0.206120088373147 0.587814758952403 0
-0.509362049563507 0.119437885418129 0.76617040661246 0.938196132414429 0
-0.0986073629316823 0.16560836993249 0.375023138470659 0.444152770456765 0
0.0998235496979035 -0.166231851534416 2.88345766780277 2.89312037287587 0
-0.434217786894604 -0.75579651280242 -1.9648736578656 2.20549810450929 0
0.491824821038437 0.722487488387973 -0.93211745774849 1.36983310038346 0
-0.20041310033817 0.0249134120343505 -0.177016642324255 0.302656183558347 0
0.136070577287653 -0.204627374645224 1.2752020258315 1.30565974570037 0
-0.134846142854709 0.203919393110903 0.31048656715133 0.417598024313967 0
0.171518251924817 -0.306955990980235 68.5326038055512 68.5336479741499 0
0.31558061953808 0.142790936703015 2.19062312281232 2.40814464643065 0
-0.0705025037789344 0.614092134937872 -1.37667597811296 1.51551848779384 0
-0.158210788453983 -0.309195186283088 -0.353703613508783 0.699613111235799 0
-0.0431071791908955 0.373742045344223 -4.62245947153925 4.63970823563065 0
0.0402644253118414 -0.0882252624829239 -0.0398821924151698 0.174571747593115 0
0.235287946480787 0.00413448183106075 -1.22105231423763 1.25082607352271 0
-0.207609970285069 -0.0201381938524744 -0.0937508265850606 0.544074081811282 0
-0.598819066778759 0.201775009522386 0.867596674881668 1.08235909215529 0
-0.233018696349527 0.479621909621788 0.663027042534301 0.86221779909108 0
-5.52698670206093 6.83722921860417 9.53612629661934 12.9712169792378 0
-3.7961369843881 1.33640041030667 5.61553658575468 6.9101630220825 0
-2.00439319161357 2.38441139011304 3.0022074557276 4.3543058337138 0
-0.995867463097688 0.398913214192804 0.663188799748776 1.26892983475308 0
-95.9584165205075 103.430971420589 132.073488030328 193.334474869634 1
-1.24468770530851 0.529151466991264 1.44584108824113 1.98473801699657 0
-1.50087349217741 0.275827537013186 1.43250589120415 2.37182665640433 0
-0.211885458276547 0.229803222196278 0.468991574218108 0.580635729135258 0
0.0636742079413601 0.602294411270979 6.07878366092015 6.11037178568334 0
0.167626100843298 0.187669543309976 -317.980134451409 317.981622135444 0
0.359043384921341 0.0740504320790877 -123.213086858771 123.213711285193 0
0.141580826886059 0.0656362693434293 -82.3016880102684 82.3071989219343 0
-0.039856904098701 -0.0146311852452889 -3.08009010817081 3.08354301149468 0
-1.37076081544595 1.29205024509568 -14.4998653328255 14.630044212561 0
-0.156639571244845 0.394220283744618 -6.3600241068749 6.37568286635442 0
-0.815308358946835 2.26458172698462 -18.2098875498794 18.3687583221625 0
-3.25976742883009 0.916270987378405 -9.47718303687745 10.064895146585 0
-0.547542841323219 0.443570114687089 -2.41230548745008 2.51674292984198 0
-2.75085397495335 2.37933596809689 -10.4628055201499 11.1167229154088 0
-0.122882735140884 0.33833313135822 -1.10723663430853 1.17261341610321 0
-0.843306710558775 2.20124415073388 -7.58706966565439 7.96039845482666 0
-0.551231116247901 0.885034715691732 -1.6706871462665 2.18200126422959 0
0.13126143451187 0.21296331439549 -0.210761073760435 0.355644418740232 0
-0.215838142605681 1.48884035196055 0.488706943776229 1.58793764336783 0
0.571822030623274 1.66432711238222 0.462297255313716 1.82487361449698 0
2.11924943026649 8.66025841412028 3.68036919658514 9.64654814714044 0
5.97093397767765 20.306633960056 7.91679411602738 22.5988173189207 0
0.202006489872156 0.946391407242814 0.411943524736262 1.06036804253318 0
0.277978241139557 0.600570000923262 0.59670671526553 0.901939530954812 0
-0.0277986022285104 0.961696255330872 0.0502513091737585 0.972819224870149 0
0.00662195731261594 -0.792740876290798 110.292185415191 110.296139395486 0
0.186287263189711 -0.32475867751819 24.883981298402 24.8871889972968 0
-0.0287882879923531 -0.400667727944566 39.6392717582748 39.6415528039077 0
-0.284639571009353 -0.348951454914331 43.3197154363085 43.3248687502734 0
0.176272903822504 -1.14967156505531 215.289796786126 215.293504632625 0
-0.0840738295132637 1.14081438743431 59.9873948476459 60.0086731479106 0
-0.166766841407823 0.00730506272131323 9.6267424798996 9.62920116637605 0
0.188058490247279 0.797409741262252 -4.78927278037502 4.8608478520681 0
0.508195770070441 -0.385579836213503 -2.56311238260205 2.64498764109776 0
0.0163328420819345 0.0783998982841034 0.00981647073154113 0.157255426866784 0
0.1937672805684 -0.254179056564128 -0.873934745018316 0.940954023991041 0
-0.0689429053134516 0.147621530467691 0.0260229077115656 0.216106957491997 0
-0.405608203020795 -0.0282787764845303 -0.542578112712002 0.69223442333601 0
0.0161789804178439 0.571149382104358 -0.646344988768338 0.873907893025057 0
-0.84016941745759 -1.0779471758841 0.154602177713845 1.66496462133025 0
-0.181745102644792 0.0469383479339246 -0.0595745901743146 0.241378142209624 0
-0.259046633087255 0.169652266744677 0.229015251207182 1.01424140514521 0
0.0764020718895748 0.0482221714804887 -0.187783601668515 0.250808931991891 0
-0.173412507265787 -0.203021826409182 0.0959594561911928 0.980228835429379 0
-0.0838583940057923 0.0870167085629023 0.28549949842155 0.339991009165402 0
-0.0148471289672919 0.0159466742679109 0.171900783155909 0.222495837732738 0
-0.570624630605528 0.16960939371119 3.28891982372163 3.34527326346562 0
-0.175085194177241 -0.0491042530993417 1.1735922259456 1.19524238800859 0
-1.82497265695895 0.351755392641504 9.06027995831797 9.24999512231755 0
-1.13177727835254 -0.162408209075555 3.87446363577544 4.04205943598265 0
-0.414109734721107 0.372007753616985 3.17896013815651 3.26547693760498 0
2.94680056345628 -1.10660995989644 0.649924115602629 3.21715717755134 0
1.21490817820482 -0.802040155260952 0.0852818287407882 1.46493107937996 0
1.77795487733185 -1.43226544802763 1.02946368089329 2.50809149157687 0
-0.341516273907999 -0.0134469291181712 0.475996925589837 1.26022765737691 0
0.061548036633198 0.21101155902741 0.142069738687185 0.296610239889361 0
-1.501398379574 1.1769326223646 2.95919586130261 3.52359013255287 0
0.094336017539337 0.762353256014157 0.239296989587407 0.815821316702477 0
0.358872908198817 0.0456797939854291 -0.948318689568072 1.02453137077482 0
0.0394474888166366 -0.0974108328809553 -0.217951728567795 0.279334415391641 0
0.10036541715623 -0.48392790815498 -1.27200913042571 1.37176763704302 0
0.162034556105839 0.119928039163851 -0.61414016785701 0.660322404682394 0
0.403691731285242 0.410590880394071 10.1061556616941 10.1838460629255 0
-0.00794917555590997 -0.0247385155492555 0.339263264421989 0.36776967116643 0
-0.414945334433965 -0.00825669654085456 3.29283992263416 3.50140386840758 0
0.0245776793622672 0.0325098896634095 0.0300980404038154 0.0506640630517449 0
-1.1624901405005 0.682381464639258 12.4425221253809 12.5161042028075 0
-0.414344845240917 -0.121820027323342 6.69079502983195 6.70617176084528 0
0.147230729246141 -0.44961874664681 2.38603074940547 2.4364844401266 0
0.162942615756394 0.00404591638364224 2.17047393261762 2.18105560280831 0
0.278577657392704 -0.221689458191896 4.50642646743631 4.52248281742256 0
0.0537262514422097 -0.234615344266023 0.19452065946318 0.339483345272027 0
-0.647632127352432 0.069083828887173 1.10862868563107 1.70236423846274 0
0.00659399809836789 0.065192228592857 -0.0493215206870099 0.161882379469489 0
0.0257746991411376 -0.00819604568849996 -1.31778174480594 1.32542824103175 0
-0.0349329324685107 0.0836577650307032 -1.22535491157385 1.23660558612636 0
0.129990787154433 0.335873433503592 -3.17741811110717 3.20061150739517 0
-0.518774837185514 0.380593339976793 -4.23199012319753 4.28289607740755 0
0.171661023231957 -0.176876425801265 -5.23216614097945 5.23982777280065 0
2.44205470916645 0.287079776367184 -46.5564147813881 46.6307425835158 0
0.495351900540577 0.0606068953120473 -15.0834047676749 15.0923035309904 0
0.900754771087057 -0.326952833969342 -17.6461507271601 17.6970405263657 0
0.348394988541013 -0.00513340158242408 -2.49042634533788 2.51855287542376 0
0.0209410595511631 -0.215559840561657 -1.11075398172339 1.14024504631788 0
1.37724718297831 0.28670500021479 -16.6771337415793 16.7369435435384 0
0.148801439370335 -0.112175722477714 -6.36701849573156 6.37117488274022 0
-0.117760701399215 0.355878630365412 -1.1122484012068 1.18198708674498 0
-0.375142357535545 0.0841295844396187 -1.40665651845482 1.46491362243879 0
-0.0784846423776611 -0.0302317862632481 -0.401861907472097 0.433643376021044 0
-1.15630820265013 0.566970460283891 -2.84704241664998 3.12767873749122 0
-0.264901926039206 -0.551846812224049 -0.646205869467651 0.900283044778456 0
-0.00840975421097129 -0.174907727728753 -0.114868235660948 0.249154067093001 0
-0.257977036093309 -0.36863473479354 -0.51784504569487 0.699161505375199 0
-0.0878590721920984 -0.352815705653115 0.443656738168512 0.590346698935706 0
0.223540237473085 0.0532154381880426 -0.139105817327546 0.30061960921642 0
9.88467242205113e-05 0.240891206838148 -132.558571429548 132.562120078892 0
-0.00874899363388047 -0.200602426542472 -21.7402902961114 21.7416655254955 0
0.702856656437135 -0.391342302165576 179.891638126136 179.893490998887 0
-0.0652009601900081 -0.011531706026474 9.87465493396659 9.87586320253903 0
-0.645176834287222 0.516960352207511 389.334079531865 389.336087894085 0
0.00784517233896085 -0.116441196914346 82.4501571963372 82.4503579227203 0
-0.169639109487585 0.777984970227844 49.1880263988921 49.1946690083832 0
-1.07288112940029 -0.115026797111429 74.6051037181786 74.6130369685283 0
-0.0216484939074699 -0.771780330548377 3.68091385167472 3.79327830006719 0
0.0140206496421592 0.0696083934299564 0.217759011525509 0.268217596463868 0
-0.0120983088879267 0.120669778741907 2.04656116311296 2.10875321015567 0
-0.0303015660604642 0.593273159080086 1.53511732088368 1.65195526572836 0
0.157972061654835 -0.207032686854148 -1.16142697028198 1.29011849916506 0
0.11901923444039 0.145931491754091 6.63558051313786 6.65688108303635 0
0.0145835742650779 -0.0582139210025272 0.510226279642743 0.531179817081662 0
0.157817977086299 -0.0944211233178732 0.625588141494364 0.665884363533634 0
0.144039015521918 0.0707815083953494 0.236497283829297 0.316081991865844 0
0.530703561133972 0.20431409075807 -89.0596946668088 89.068498309743 0
0.0325138906194748 0.149249161855612 -36.2440050079526 36.2445956146125 0
-0.0673416261747758 -0.124358768280927 -63.322404941796 63.3323910341355 0
-0.254092785940086 -0.107897787691238 -14.3415848084534 14.3449203441293 0
0.404358367078005 0.690838632431246 -10.5713047783204 10.6601142072318 0
-0.0737408431392637 -0.0557955629375088 -0.760537796998814 0.778747958170172 0
-0.533990809381533 0.206847197243928 -4.2228734348268 4.26380953830932 0
0.166914533188414 -0.124067167309468 -2.79524123921836 2.80644018174639 0
0.475346690993771 0.488905297172668 -43.005515034875 43.021181969653 0
0.191122003107008 -0.152904965808053 -10.3078717055128 10.3116606929414 0
-0.19711048818718 -0.111198265433385 -35.6302016560117 35.6433062359786 0
-0.347798505164961 -0.162366431857885 -13.6329874769706 13.6390576582852 0
0.21275720270237 0.188320721655984 -171.261063209868 171.26202199415 0
0.12763173494552 -0.0273525780794342 -83.2354715362073 83.2356833303991 0
0.188810612499035 0.223509600329168 -11.9704084176764 11.9747970112111 0
0.254061898541833 -0.40970662684706 -45.6475378412469 45.6502967977355 0
1.04125754516292 4.42336890075714 1.06058907112554 4.75979090698689 0
0.23733227153288 1.34275471756467 0.614652085644761 1.50177682278046 0
0.264790493849834 -0.374178330848006 75.6674022892847 75.6689194611781 0
-0.108353932676945 0.359864460338997 25.9482702782894 25.9513670781444 0
0.668956808162464 0.201773530210336 42.9824584040174 42.9883638442621 0
0.369413501644428 -0.0316538211839582 16.94598024709 16.9505732774664 0
0.100435769133473 -0.348933177677497 31.8510509740295 31.8534263406832 0
0.361732833775876 -0.0114554241488117 2.42530534595389 2.50215173796205 0
-0.0221387527724489 -0.0785846238808762 2.33710069234067 2.3900680442247 0
-0.336184543415043 0.102827236520561 0.685172736582057 0.782646121600933 0
0.0902302492866383 -0.182096397750731 -4.35423689436215 4.36106628344315 0
-0.51902432470145 0.480507382121928 -94.9358276319664 94.9385583488645 0
-0.170959301317348 0.0508879153481333 -0.114394637464855 0.253737227493544 0
0.472773293614412 0.163334780665874 -48.9830161937344 48.9880979800428 0
0.0853214497652306 0.137968328894116 -3.15908843371472 3.16632824048582 0
-0.344536940105759 0.822173242001585 1.21315769371989 1.77460359452262 0
0.0516836335762493 0.111256772141095 -0.0372079512586681 0.189508532429986 0
-0.594682448566213 0.397718038365285 2.99261501412993 3.27297387179759 0
-0.355431989636731 0.177561572127807 1.49229589582839 1.55016987851651 0
-1.44584174172002 0.676467362795999 4.65897088994766 5.04963985630736 0
-0.564782734231907 -0.0157551322520476 1.29456833550373 1.4193712415248 0
-0.127514901821816 -0.41239611504582 30.2471936753479 30.2648615993002 0
-0.096174157772385 -0.0417653493695425 17.6066619525304 17.6075273309064 0
-0.089289285897956 -0.478508421701203 56.2131763893411 56.2174867643004 0
-0.0684205739089917 -0.0132591891147933 22.3439061600609 22.349556485522 0
0.61096144197613 0.267242692251061 -21.3531177375524 21.363954438594 0
-0.369970675383604 -0.487671631019108 -24.8654885511047 24.8733882373485 0
0.0309116581108542 -0.0323024599229912 -4.69213487506153 4.69442312219435 0
-0.103337303663064 0.271279696466474 -2.06802494453747 2.09295920365699 0
-0.168218325058114 -0.0195090620922178 -1.40415140782204 1.42075289367211 0
0.353911115602939 0.276263010050743 -1.36651934400734 1.44513986552024 0
1.65101845200837 0.654512676115114 1.68992710185587 2.62496723304396 0
0.193145433521007 0.200080132001304 0.602644195748329 0.67730114777758 0
-0.0899661189785175 0.0989325088691212 -0.418134379170667 0.660634426380911 0
-0.816307140931979 -0.325906972906191 2.51429927391391 2.66692578496842 0
-0.161398845793026 -0.584889786404411 0.945067846885781 1.12307563631344 0
-0.155513557314358 -0.0365554546987987 -0.0224694980092534 0.213320020198738 0
-0.0219882557200496 -0.0947299588354756 0.161171173796465 0.234335615418381 0
-0.0733165685682841 -0.190927976556538 0.190563245450955 0.310423520976427 0
-0.211861269112404 0.0848615619617434 -0.349966423050303 0.440503080819112 0
0.140302705014017 -0.235047218999166 -1.29510182329119 1.3310524263851 0
0.064210410423483 -0.0506843931209051 10.5479025387944 10.5491430759716 0
-0.0318834756825618 -0.0511953044275585 7.20712267044343 7.20872627354768 0
0.185799658160963 -0.0096076010449427 30.8104045896275 30.8112619734393 0
-0.395241226986635 0.478955390339224 3.33783275018259 3.43138700681465 0
0.226636346270508 -0.152937560375166 0.532549332357339 0.613663036705488 0
-0.309791677996604 0.687310841370368 35.8009623467018 35.828913446913 0
-0.165962213964094 0.0986459176972146 8.56033710174812 8.56357783695037 0
0.478370811459129 -0.593321071596369 32.202979565058 32.2342446499806 0
-0.00199866162956808 -0.19299317101041 3.94652626229089 3.95354771035543 0
0.130852632619652 -0.0912867728545376 1.0803958175778 1.10042283209741 0
-0.288539897736192 -0.209436003425333 4.25721907389824 4.27440203305437 0
-0.0161575921262302 0.371844050403921 1.938132479251 1.97815726703711 0
0.0912372811667943 0.0011036945822707 1.95352022939292 2.01797972615282 0
-0.304546580979809 0.660709342607385 -1.54190944560762 1.77607590568341 0
0.661726889905353 -0.311191903666256 -0.597146935489033 0.954351677944343 0
-0.054488629918803 0.175976525380518 -0.334442509821601 0.404979185948117 0
0.225565685260451 0.188112071586892 -4.29088768004624 4.32962568145519 0
-0.286928106496936 0.149039693328736 -1.31372677549982 1.36010969927083 0
0.22478426571691 -0.315119607185147 -2.66158902319188 2.69297308967652 0
0.116721848679887 -0.0552996901622659 -2.88760315506076 2.89385794601396 0
0.191368371843765 0.711969994034324 -3.36917409156663 3.45171507664395 0
0.271268372376162 -0.322289200831306 3.91524878508304 3.96867104334919 0
0.0964585701934133 0.220739198388262 0.82861392351014 0.874134353863134 0
-0.354008687785606 0.182009668434564 0.475414218872574 0.635569142452312 0
0.262786807388516 -0.62255737115889 -0.096152748109557 1.30792447315995 0
0.0139201839341625 0.118954137380119 0.0616599728759806 0.193973182362088 0
-0.249152508592057 0.315835503435503 2.91780606556822 3.14963613200553 0
0.0585709223802705 0.113577794791316 1.30342305755892 1.31708842538927 0
0.408598868655446 0.0681283226098326 -18.0888932296734 18.1004786734283 0
-0.39111800691048 0.203503036278105 -30.4045693250447 30.4117730914354 0
0.0626806630111035 -0.230707327307569 -19.0584257518083 19.0604361612865 0
0.126481896935904 0.16102606405638 -3.90499443389408 3.91268810317175 0
0.0685756538076034 0.0199098395952226 -40.0635720412147 40.0636356778015 0
0.0311284146733581 -0.0517099716414257 -2.51109520808973 2.51569509844862 0
0.503636987555937 -0.469999097132447 -2.08246299520205 2.46089170483499 0
-0.110482695955846 -0.202577560997669 -0.590122905800217 0.647849317878415 0
-0.448988542463316 -0.263095445267312 -13.5553902634616 13.5978750878302 0
0.0654711641778511 0.13686165649241 -4.01008246590968 4.01537778479845 0
-0.159181819873146 0.268819991005651 -9.6711937520839 9.67717992134533 0
0.311258319922533 0.202840755044297 -6.02804776240154 6.04109805617507 0
-0.252058055924762 -0.22106146509121 -3.83604516116979 3.85319655589214 0
0.229488132531387 -0.599604848220804 -14.7939601833685 14.8084998661064 0
-0.291869118478246 0.185854535788401 -9.72453734853663 9.73169234608134 0
0.0817945243647999 -0.159505418509708 -12.5216108668621 12.5236716185298 0
-0.193407986582308 -0.00761488497977078 -10.0902218321798 10.0929807717416 0
0.24893443655879 -0.548192409218007 -27.9445150068587 27.9513259406451 0
-0.339383870758188 0.0435402600595734 -6.24333862030933 6.25416452407696 0
-0.057977632743311 -0.0170217474101816 -3.42003827519453 3.42341828213834 0
0.394361085927767 -0.435119575291846 -74.9073686074672 74.9098004348614 0
-0.477023377755351 0.511565973902745 -126.201046295874 126.203965914907 0
0.00518087281549667 -0.310526286234673 17.9581842200555 17.9613767149886 0
0.512771564087314 0.46963023034236 1.29045950322218 1.47249880969202 0
-0.0325305958279271 -0.12605021717127 0.961597131049234 0.979711967751727 0
-0.132409048877173 0.12924027548246 0.499408425598915 0.550566767513738 0
-0.0748279452851953 -0.157937370473609 1.73282835483658 1.74720271480254 0
-0.268382608883284 -0.297550870492739 2.08795678101285 2.13034008201966 0
0.280990293143337 0.101279719128417 0.731634053930129 0.802484454751457 0
-0.278208520790907 0.161978657980332 1.06311367113431 1.11952111607349 0
0.137077836762177 0.202182893857181 17.7627997724061 17.7650275483994 0
-0.387572830675983 -0.0893415935043209 11.8722772966194 11.8797576832245 0
0.288701423930083 0.119624688251084 14.2815826887139 14.2856390222206 0
0.361063240693709 -0.153884610932457 0.357493176601063 0.54778472868308 0
0.0303251158403116 -0.00576871969428727 1.7632389069401 1.7690234929545 0
0.15097534180533 -0.19180489101055 10.8485406735676 10.8521839830054 0
0.0224300288032526 -0.0383878154516869 3.68614222095116 3.6888806979958 0
0.444274257515553 -0.195901533640705 -7.05266844404931 7.07074034266304 0
0.0431988762189426 -0.122347073357871 -1.91181638078449 2.13416695879252 0
0.0189158861589473 -0.156029761876627 -1.32164323754905 1.33778307101697 0
0.141558416004121 0.094748073767752 -5.83649075770081 5.91408759930484 0
-0.20113655285115 0.192480996200436 -1.83995591085066 1.8661249651525 0
0.235725946519989 0.00749781760335396 3.24241301024051 3.28885093870313 0
0.274923080595659 -0.239105710718229 -0.381976344509385 0.546021935280103 0
0.0358045139239221 -0.0901252036523808 0.306412943351565 0.35039005737047 0
-0.161612004767907 0.127453314660515 6.42733866487732 6.4495554143623 0
-0.14126612420677 0.215377754109159 10.3242404639642 10.3392458523323 0
0.199733634923495 -0.375001815586042 9.2354502542404 9.24620359312738 0
-0.0413237237785216 0.00327520185929958 -0.0548664794831274 0.155590785604467 0
-0.342703128350098 0.313886363225416 0.353437616605844 0.600306602438988 0
-0.0276901677423543 -0.0559076492912964 0.323194875516574 0.355762474973194 0
0.420434170846776 -0.0461119878786549 1.53923628240688 1.60237927015407 0
0.321122059315432 0.320747182173914 15.8253989179849 15.8596847269456 0
-0.13841489136133 -0.0299174632943752 5.88206353890315 5.88542309416701 0
-0.163484318840928 -0.0141892137596215 19.9068854215793 19.9296604646712 0
-0.0181252422552023 -0.277203196394893 4.51479342631529 4.52548446066254 0
-0.165528281518344 -0.2229037521507 6.95289519153317 6.97621048048654 0
0.199009984476604 -0.242671875049696 7.02876975695383 7.03706746518252 0
-0.0327141390841149 0.465182133399013 5.99318027345201 6.0112955693614 0
0.639646770783841 0.00996224964475139 24.2978863416811 24.3318991120924 0
-0.00780363550469846 -0.0456946060068316 8.44810041299532 8.44938040726637 0
-0.639619728843182 0.153862524781134 15.7164044648127 15.7696842982237 0
0.00920116150612904 -0.118860477222977 4.52463461379405 4.52835628541549 0
-0.371266676191756 0.173365641213667 0.631906993553415 0.765127858142426 0
-0.0344007283241024 -0.382386867981168 -0.27002198644603 0.488400041439326 0
0.187528748130348 0.292271194160248 2.04216370005313 2.13042190399598 0
-0.0469464644990968 -0.271616359161336 1.24874187654666 1.37078650187923 0
0.0117696205689213 0.352403746527984 10.0358787492908 10.0430408233713 0
0.00824281037228116 -0.192860156189523 34.5145895956833 34.5331571744058 0
-0.0438896366945384 0.0211039894483969 0.551734589811233 0.553879712730107 0
-0.209572727275349 0.327002498732158 13.4906678123045 13.5054301972593 0
-0.533845369884271 -0.332480403482039 6.43185332531965 6.48135720651715 0
-0.24949626233294 -0.0638037872311994 0.677223578920114 0.737001142759304 0
-0.00094882401010116 -0.168292705931716 -0.633895427130626 0.670541969285995 0
-0.116520048077616 -0.301126808727339 -1.13270759974924 1.18606937738397 0
0.248965991828284 -0.304115638080166 -0.0580011679658603 0.636796632212633 0
0.185494236136712 0.0374514933025333 -12.2178665063042 12.2294622989222 0
-0.0357008209465893 0.199946823518759 -1.62067506593102 1.63930495487631 0
0.251375209514422 -0.0176283621935633 -6.91990359685725 6.92589675275411 0
0.13895059399001 0.0240148609266812 -1.25395723375384 1.26905962255486 0
-0.340696513378652 -0.194438167292826 -3.70130591196429 3.7551592773104 0
0.269548685982643 -0.151134698989956 -5.94318636726838 5.97165658170649 0
-0.297432598515818 -0.0884619196289978 -4.34076571077962 4.35408066101954 0
-0.0675251294232088 0.286868412139645 -4.80233900720344 4.83663447156128 0
0.119974338536994 -0.03089188075671 -7.02566609739268 7.02814428189668 0
-0.0537697914092459 -0.263908401354681 -1.80526757688381 1.89187877196762 0
-0.0457120878661438 -0.312753549514409 -4.63730066908121 4.65001951324637 0
-0.230136715281176 -0.285742202601709 0.408049585704702 0.566211765474601 0
0.0305311640227586 0.128552811588553 -0.440362953503968 0.480476110813685 0
0.0771810570794751 0.274479020748539 -3.1202067376849 3.13631400200892 0
0.122033353146642 -0.133147735065612 -1.84300056962491 1.85708140456229 0
-0.167811758479902 0.124744463891817 -1.24851837889372 1.27308275865757 0
-0.419124073810887 0.071572282984584 -12.6684117595891 12.6763134970832 0
0.155252923550703 0.156744190993767 -2.08196026608887 2.09826369795461 0
0.441568965406258 -0.143845340709318 -6.95074253630496 6.9675473474999 0
-0.792955869640392 -0.0164204586191161 -9.0164403444469 9.05233256749487 0
0.582710554934912 0.687612142115066 -9.55441118712757 9.5968294338039 0
-0.113894404695472 0.0514045978174607 -0.952009816843138 0.960175535755528 0
-0.609652170536295 0.623826558753212 -32.5176607103636 32.5428862274333 0
-0.0339996440554218 -0.0918276283115815 -2.03785298099736 2.0446644374266 0
0.704585461043661 0.414182280728211 -0.892818737706502 1.70260967105886 0
0.119365255330537 0.0895891894724872 -0.319034985846426 0.377196513298428 0
0.193183823285104 0.165459065762924 0.145319596551606 0.324490773465304 0
0.0712285397995641 0.143969840394594 2.97125156244959 2.97886160337878 0
-0.0772555718963867 0.0101171528414505 0.0867697850707507 0.178379864816294 0
-0.197765100894957 -0.117129087885156 -7.9945611431535 7.99908231704616 0
0.336080177469803 0.0384943567840306 -42.9712029838427 42.9727464467912 0
0.381979931630939 -0.283263368750339 -21.4148447673973 21.4205495451534 0
0.273734162725031 -0.0293785183459837 -69.7394593008765 69.7400027033824 0
0.364943712873129 -0.0428429256809474 -11.9562950368619 11.9627542908494 0
1.01596453555891 -0.405423065463923 -2.48191358980662 2.93278593777152 0
0.00437599272831871 0.0535826583172248 -0.0626602928592119 0.158228200033688 0
0.0275777653355194 -0.767873181075981 -0.353667496543112 1.26422396685386 0
-0.0681160768780103 -0.48639612671523 0.0758138697986455 0.516186516451829 0
-0.1157948359906 -0.00462692277593374 -0.131429143376894 0.523854382997077 0
0.121957864613292 0.261257006636771 2.16820030868134 2.24230717459132 0
0.00672925680209997 -0.263239350621821 1.44450639178828 1.55035943685008 0
0.38977869027709 0.0661426710996639 0.332558354397129 0.535142153370157 0
-0.104112001942844 0.108486764955292 0.151607001004702 0.25509440364824 0
-0.11359486611339 0.0379765526273129 0.0216531038453732 0.18518815826859 0
-0.116502307676272 0.320448948530597 0.174788887882515 0.406240165463077 0
-0.197942013649508 -0.0442470505700887 0.252794375984636 0.351088933436011 0
0.631648756349536 -0.376906715760648 0.00599828655525408 0.735577870265951 0
-0.0785454084582577 -0.056499683385168 0.135146487897927 0.166211216840631 0
0.126135801543121 0.0285063766585736 5.21454840774292 5.21801856412331 0
-0.353605134197458 -0.165493610032658 63.7721069332424 63.7734448421222 0
-0.16178867897095 0.185649153347479 6.10657586412628 6.25138960384901 0
-0.0317132997006864 -0.146824266557686 1.18651727018336 1.20410386427894 0
-0.212706293311792 0.0640619676762105 0.353593284258087 0.440290697709377 0
-0.237960034261006 0.501309320915582 -0.245168164326729 0.621500637442697 0
-0.81838486538002 0.0956654733888192 -2.10426628252326 2.52024378750272 0
-0.101865066959848 0.0577089571363256 -0.288680230041858 0.311517400505199 0
0.754465918067285 -0.113504687004652 -2.1013783874977 2.42501238096624 0
0.256874331728242 -0.0925391727515601 -0.145586655927398 0.33758405705616 0
0.42041076634213 0.042198775576374 4.3304166436617 4.45127240704485 0
0.141807387113186 -0.0580844031584822 2.74553158969367 2.7531157700569 0
-0.299920112733951 -0.0198563141051588 4.62873787469725 4.73243185400371 0
-0.259624866122228 0.0341962825622995 0.611383388748484 0.679590972414764 0
-0.0014457399962719 0.0582946302182588 0.159431168224372 0.219769052365906 0
-0.083285491021025 0.195873186537629 0.00234515990962891 0.254534993456735 0
-0.214354047942197 -0.280282984970576 0.298065847303998 0.481216229217461 0
-0.370885583590199 0.614770830113103 10.9605092849455 11.0240017084519 0
0.171342438197442 0.0370168054700666 2.4457749971478 2.45601783311684 0
0.349835226117066 -0.599165246587202 30.1368600600778 30.1654853176418 0
-0.143577339226666 -0.101420397528914 8.59751427920066 8.60044371618893 0
-0.526150026688139 -0.0325932562479154 1.01235072088774 1.1498825757088 0
0.0235303323796584 0.227390759194205 0.211025211429809 0.340986302756885 0
-0.569217771209917 0.181064154016607 -0.249220240606858 0.814017057351427 0
0.564687744709815 -0.0624900027083779 0.200306539057775 0.617348815057788 0
0.407254291120293 -0.254961729459294 -3.24056603064109 3.40770895661142 0
0.0257531918935214 0.117833590579203 -1.51589971255412 1.52666942095633 0
0.155281711624572 -0.13013493278348 -1.88770378099983 1.90366826427208 0
-0.129475120591221 0.567081870460746 -9.19776276159006 9.21712564054273 0
-0.0355137242597842 -0.151238771776053 -0.198731676934147 0.288285370798081 0
-0.117834490856409 0.338922203670941 -1.87985794791246 1.97744647477655 0
0.443649731859317 0.427526282249489 -2.29443677348201 2.3798158960305 0
0.113610889596359 -0.0682767577252689 -0.0847933897034426 0.207312974070006 0
-0.292035035475706 0.387751914165164 -0.461964022671016 0.683568846222845 0
-0.162481140254096 -0.361666899963929 -0.26202282254869 0.475246280368581 0
0.262035640591108 0.140930018557372 0.561454006569376 1.283955232305 0
-0.0121039419577303 0.154641545980898 -0.095245030441322 0.22660919967655 0
-0.531700554421777 0.419702690837738 -1.1937634463341 1.66261167654156 0
0.098171004519901 -0.0261984636504542 -0.0413274358567759 0.177515203519548 0
0.173023189787031 -0.346169171680672 -0.803849177561265 1.29471781203167 0
0.350583811673779 -0.0935135170350659 -0.216850042507094 0.445148865786842 0
-0.0409354924272992 0.149182083284917 -0.292583473635164 0.594353463822591 0
0.264505676103875 -0.187485177078624 -0.567142500645798 0.668015228310059 0
-0.142995241685124 -0.537432656964978 2.53627049513359 2.76129341238888 0
-0.0257442793741927 0.145994162378144 0.686152077797665 0.714843575640885 0
0.282016419049651 0.133152421033279 3.37867733317726 3.52072650662707 0
-0.109426150305186 0.256059528643462 1.27979323216626 1.31667417460748 0
-0.171345053852931 0.305697309466915 107.583678718951 107.585400552788 0
-0.422620073745984 0.197936076782196 0.799714597652911 1.44986769911056 0
-0.0587140933539371 -0.0534755918024806 0.0194693818867064 0.0817682120878938 0
0.161821584487888 -0.901092009649684 -0.730329575560954 1.17887824833598 0
-0.150883509130002 0.190400357036956 -0.161717489442801 0.323497234267723 0
0.0672736742082123 0.0999309394908774 0.166090102434151 0.248148437302331 0
0.217534281195611 0.0635564502128991 -0.166783836877024 0.312084979616735 0
0.0479807693932582 -0.364928529367231 -1.80922951175181 1.9121877106789 0
0.00495804084095162 0.2578283783682 -1.34398607575598 1.45618476011354 0
0.193448641155202 0.0352801420105074 -2.56330767965649 2.57462484853056 0
0.00759637636761029 0.210443361402412 -1.6203709034767 1.63956261805586 0
0.0368246139903345 0.173745728153664 -0.621245707046494 0.660082918405621 0
0.0467488683920979 -0.0192659176943418 -0.891582890841985 0.903159057930937 0
0.593150435816837 0.245998655036554 0.527439571775997 0.968612775346652 0
-0.663241297514669 -0.123826958058468 0.486554863298036 0.969346789425707 0
-0.387309013172332 -0.0447825188315598 -0.93708855969748 1.13040883900177 0
0.37151172214658 0.0757520282929496 -0.0964670106753398 0.633040790574707 0
-13.9451620330327 4.27693133405552 19.3064636234922 24.1974937378624 0
-0.302762618319468 1.01949405902139 1.85715211327492 2.14465080984599 0
-1.99163100102766 1.72679152560453 2.48773390916986 3.62721695034741 0
-0.975680949071893 0.917647428253603 0.649940486663145 1.49488205339626 0
-6.77761586368967 2.38839265920664 9.53893463262882 11.9530535913739 0
-3.94918779585991 4.15271299121293 5.38174714951583 7.87705730321161 0
-6.09285792859092 6.55751336138316 8.5448637121259 12.3847614035926 0
-0.30448888802621 -0.134558965271691 0.454825912734989 0.579573817008362 0
-0.600293033187695 -0.138889518156999 1.38359720962335 1.52100724762412 0
-0.142214622799944 0.108264405868978 -0.00518345872893477 0.22403716022278 0
-0.204655081039883 -0.261986476801449 9.40417495893502 9.41004927056616 0
0.111386475303995 0.181975564701283 9.76609783963632 9.76842817787888 0
-0.740882682515459 1.64754309786575 -18.0208056523728 18.1179584169427 0
-0.0102791533604367 0.42456826863034 -0.0983609347341515 0.457731945688028 0
0.258500627353716 0.889493157926728 0.823633616683808 1.24734629184216 0
0.167847804022602 0.0728320726999516 90.1311671904687 90.1314539775807 0
0.0996414820427075 0.017814659128938 75.8431170912702 75.8433047506999 0
0.0158569867450202 -0.136258804996203 155.914186926591 155.914305701839 0
-0.32484718243342 0.0310524162007266 40.8622367860876 40.8637781524381 0
0.357575120648154 -0.0114178584985442 80.4063059968632 80.4072151861759 0
0.443808239417388 -0.104961784676772 77.3906270592588 77.393570887922 0
0.240835183369845 -0.701813878119016 -0.855247793446713 1.14082114205721 0
-0.431024231341674 -0.4261542027827 -0.832938913164041 1.03893990491074 0
1.74114599377466 -0.608389092943238 0.638527966285729 1.95676375903654 0
0.236564259485726 -0.326411263069972 -0.0666608055362203 0.431775878691367 0
0.335733846203627 0.242330566646697 -1.93356594786629 1.98232146198997 0
1.24455825053593 1.56153914107202 -6.00800765049586 6.33269022149306 0
0.33775288585565 0.523272365397681 -1.59742055570602 1.71984389189392 0
-1.33380624163629 -1.15858496901538 0.953903820245667 2.01265260386277 0
-0.710195375025878 -1.21981336340654 1.31582134254092 1.93440624433947 0
-0.226871995392563 0.255826291339558 -1.66825381387042 1.70864524288313 0
0.134647009779472 0.102705012908991 -1.96166170336466 1.97389831558435 0
0.0653200423648803 0.590051426531583 -3.3706036708753 3.4251446831345 0
-0.183543112967128 -0.0979609997990482 -21.7619188661782 21.7633608837151 0
-0.147679020146283 -0.0068264838960847 -7.54174002658116 7.54447997593672 0
-0.0628339628313256 0.28451540692343 -7.84252570056013 7.84909715113834 0
0.158505906163172 -0.0334989196676192 -2.50372914003699 2.51284414388913 0
0.164993251798931 -0.317994285331444 -4.96625883429947 4.98111932529227 0
0.650210063775088 0.10798303629634 -7.90152248218275 7.93011416059073 0
-0.651764310591366 -0.355115707038245 -2.39414317263423 2.51018824262584 0
-0.0309380744251844 0.112789846556331 -0.00728193239416062 0.117182509252585 0
0.229808180023936 0.202408594118961 -7.23301320770957 7.24075139069697 0
0.310565149743158 -0.0316874042719385 -9.39805981787206 9.40421196828984 0
0.089474190789881 -0.0267095704566907 -4.92413737733258 4.9268719836439 0
-0.409850575750273 -0.114902475737473 -3.89160110484028 3.91729741243469 0
0.19245912172636 -0.0841031259435436 -7.47398418962507 7.4781530551664 0
-0.290190251404361 0.353307757359396 -94.1360613909507 94.1384871685495 0
-0.242438173231251 -0.078493781216029 22.8499829861039 22.8518301190882 0
-0.148122117269553 -0.172956775214655 29.1679967391084 29.169219526159 0
0.157208637729993 -0.462228274373655 34.3948975510746 34.3986273953297 0
-0.21826681883423 0.134925192644148 5.79154198835618 5.79879499681673 0
0.084427280278281 0.354158696738275 43.7299781566142 43.7314937536564 0
-0.264897130457535 0.231026322423248 10.7432199288843 10.7498743191097 0
-0.0707411452124735 -0.338130095894547 28.9569168834401 28.9592919676265 0
-0.709082635609852 -0.570254609475518 -2.118486609315 2.35873895259701 0
0.34420597299197 -0.509389814495663 -6.40425417188894 6.43520838963372 0
0.194855585982587 0.2501245802142 -3.46081115237105 3.47792530652856 0
-0.298705228513958 0.332583578792409 -1.60090881568654 1.66800044108712 0
0.00188840522658357 -0.0858798172216597 -0.142962406434268 0.217478605002428 0
0.0139684112589044 0.0048688019754479 -0.574172292588028 0.590010375943989 0
0.116442385484768 0.00659449764337205 -0.879114587181687 0.897733010884739 0
0.200621359959444 -0.156576700633604 0.265384531572921 0.393286063510342 0
-0.262285509801392 -0.382501083163788 -0.257887872542625 0.548713683971713 0
0.162775993716958 0.0659406746577589 -8.08843246718593 8.09154273039649 0
0.10924268480546 0.0554718666482895 -2.58625475780892 2.59291429657099 0
-0.10001790184262 -0.123492931633377 -1.26717229774956 1.28421155478227 0
0.0318004800985698 0.0504126621574978 3.90404423277626 3.90699294386538 0
0.138973932324783 -0.377684939354917 1.33859490639496 1.40473334679855 0
0.174620174130652 -0.0715695709254945 14.3337601254125 14.343638630782 0
0.096304994779071 -0.434859699040688 1.13824898897025 1.23023093590632 0
0.243839718520839 0.123531181530177 0.149802267807595 0.339673491722363 0
-0.0213423580849 -0.0234791239317198 -1.25249092877915 1.26064272380531 0
0.217873102554735 -0.0879302047292041 -0.0596892243092956 0.277457769073406 0
0.409229192079731 0.0926424890267722 -23.677945339031 23.6868913551243 0
0.0763107921266029 0.639266152508535 -6.80525469427698 6.8370648519388 0
-0.154191399424696 -0.047593011626122 -6.68959745556358 6.69290473563571 0
0.121602683982035 0.394338135272251 -8.16249239689731 8.17403153330644 0
0.0134805218552471 0.016401971556974 -2.2524672641471 2.25660788033605 0
0.111436596507829 0.166453765123028 -7.09594154995375 7.10005148232919 0
0.4141080693261 -0.216214465656647 -19.9991507263798 20.0050929452877 0
-0.15608368374733 0.200301920968807 -6.23492589038522 6.24155456876505 0
0.00709522141942009 0.165858391087858 10.2298343055557 10.2430849459323 0
0.593019842405699 -0.130938998253027 63.816817239798 63.8198594479605 0
0.16652685883424 0.208402539561601 0.390813175204102 0.493333088310561 0
-0.106035353405659 -0.112237855477254 0.0312569139505657 0.210469978723116 0
-0.328416524457824 0.271514482559181 24.3354422928625 24.3395728989216 0
0.176130571922196 -0.957057375148834 79.1955744929391 79.2016759914161 0
-0.212348218791322 0.333269643108253 0.0273613005530071 0.632952608185875 0
-0.153736293595673 -0.207424990212764 0.23388611813501 0.373607134821545 0
0.167915006284812 -0.1039216091962 -17.207163789364 17.2088628505515 0
-0.192026345466455 0.00910321923604424 -2.01335164373762 2.02731882351904 0
0.104249974244306 0.0316040192537526 5.47636193183982 5.50000748259194 0
0.00180612862750962 -0.220536717109003 1.08657579649078 1.21530329387911 0
-0.532191551030152 -0.113024660222751 0.227762953407902 0.771721330955311 0
0.339505239404984 0.231236355873769 0.759956130645308 0.875069805939277 0
-0.246265083323879 0.114575412973365 1.18095247656946 1.21979611138012 0
0.103250267989542 0.173786003956884 12.2996292352015 12.3020819905142 0
-0.0157039442663865 -0.644919040998476 29.3604992403361 29.3679172330962 0
0.109738344104711 -0.106259581171992 3.02483492252007 3.03190364229385 0
0.184513774595359 0.00841511691760094 3.40126218212809 3.40913190763909 0
0.262481690662491 0.176394321615464 5.89706691361207 5.90708298389733 0
0.340311192548759 -0.00480367045347371 0.960594730397987 1.01910599011691 0
-0.100238047257447 0.224681530940121 1.63823607253408 1.6566070402529 0
-0.288183202150089 0.391683068735631 -0.845270512559358 1.09481635566793 0
0.577672511532817 -0.0562071969872758 -1.76889644623289 1.86690631847695 0
-0.173528573876507 0.134298491723336 -1.22019199358061 1.24709115642322 0
-0.499398797391991 -0.303556501532603 -6.62551459600083 6.65270389805374 0
-0.254763745506307 0.269105902250288 -1.90665640649983 1.94734203210355 0
-0.0633900983939501 0.451401600884165 -0.207371687321365 0.518656270527689 0
0.00919427838364811 0.108129206939468 -0.0193517277502721 0.174271483367977 0
-0.0364994135250212 0.0226748872668456 0.00340889106812237 0.141695372678676 0
0.382330572562011 -0.427573065703457 -0.297117704445851 0.66087374620711 0
0.110614916712379 0.186989057437339 -2.93074533984785 2.94209935239116 0
-0.196207809811512 -0.0526668311184725 -6.60112002928089 6.60572000054532 0
-0.0519416572713112 -0.195387398315825 -3.67896712163018 3.68698967365201 0
0.317927104708282 -0.382190717458151 -5.39231238977465 5.4169788703886 0
0.133185248667492 0.324123787974999 -3.37510429287598 3.39593037746414 0
0.0100979467198984 -0.837245313276063 -19.8425513268628 19.8664440771673 0
-0.436743575912375 0.12484305154945 -7.05706353439503 7.08915734738685 0
-0.00498557253486909 0.0416860314399328 0.347316474618283 0.376657801713948 0
0.141182469209562 0.0625387736075796 0.343159135454873 0.401349679160935 0
-0.368093563945864 -0.260127078784023 1.02934972000232 1.13178594062832 0
-0.269119636556001 -0.201289391614371 -5.60602166576617 5.61770783464183 0
-0.0999374965152031 -0.115263428235169 -2.00250552332187 2.01283907266151 0
-0.329269853368654 -0.0245584130580414 -6.73888260176493 6.74831683257088 0
-0.459622439152863 0.0966072139020193 0.408675221536434 0.638028966386786 0
0.0591316616925179 -0.00853508886633236 -0.207634069052445 0.257217986711175 0
-0.0923970736527252 -0.305740918255785 1.12143987065323 1.26780027634727 0
0.338797665147658 0.553772012989201 2.7486876028054 2.86782256546596 0
-0.382897947475566 0.605037772857476 -1.09943001978615 1.40324742724593 0
-0.106578621849839 0.321963582159087 -0.74676088680526 0.959347070582018 0
-0.119084460464779 -0.495916926681707 -3.52651557700899 3.59779130171285 0
-144.464905730848 48.2794860151058 206.079187593551 256.315273188243 1
-1.59305427978969 0.524186275614713 2.19515832864432 2.76248317238596 0
-0.196331091003971 0.529257616062154 0.94748055102863 1.11169181922515 0
0.00355772273597849 0.217977308180111 0.169901569246976 0.309633803718357 0
0.192493805287482 0.0214101202463314 0.126970758542166 0.231589792192554 0
-12.2711874758026 3.63868348573636 17.5783398864568 21.7448746265496 0
-11.8735150111227 4.15745189576968 16.6645365450359 20.8803980572865 0
-0.74642729733291 0.53362978518274 2.38378891500828 2.60231425428487 0
0.0221414862091871 0.000433114483580502 -0.280760402885901 0.571832375551053 0
-0.00380755881096326 -0.124763224054553 0.588669383021162 0.617731160770688 0
0.0947320333614844 -0.211837395493365 0.643288357891484 0.6979605551698 0
0.0759458334428575 -0.213264469061953 0.239599421836526 0.356197960025046 0
-0.162861283854076 0.218830085110831 0.872012173535243 0.924281028487478 0
0.00884013515717479 0.0786621507058147 0.474934700299156 0.501306928329851 0
-0.0652988453568492 -0.0664572236058026 0.384006598472568 0.417565767089211 0
0.629587527621867 0.00427931425128728 0.40545688133064 0.899149308505459 0
0.109283139875125 -0.137312004494227 0.818515670362113 0.973879213643832 0
-0.608853912584993 0.308528294824178 -0.176413377268963 0.86295417268625 0
