-11.237569042209085	0.04389909050795121
-11.179715327880235	0.04387441794430499
-11.121860727829313	0.04384648781414719
-11.064007008528208	0.04382257433013425
-11.006153875210606	0.043797989787054174
-10.948299043002011	0.04376806359463224
-10.890445481096062	0.043752594753308095
-10.832591815067644	0.0437144718345171
-10.774738028147736	0.04371145108991595
-10.716883300187314	0.043683208779123
-10.659030085140758	0.04363926726688932
-10.601176416171112	0.04361275505208919
-10.543323258405524	0.04358098758416687
-10.485467718805468	0.04357554751099894
-10.427613850501833	0.043527407542546526
-10.36976128446919	0.04352389039571872
-10.31190703679571	0.043497091055288914
-10.254053517732045	0.0434485473361807
-10.196199663810999	0.04343270016714999
-10.138343565579657	0.04339456358539772
-10.080492546347378	0.04336671980816286
-10.022636397646806	0.04334454921647074
-9.964781921882789	0.04332396004483359
-9.906928853013232	0.04328608636113122
-9.849076266345362	0.04326027187546205
-9.791223145027743	0.043231160527496204
-9.733369137929072	0.04320540254033476
-9.675515544436644	0.04319640158435782
-9.617661514116797	0.04315115949905173
-9.559804107989482	0.04312633339162659
-9.501949801980007	0.04311463475184064
-9.444100112686003	0.04307177938087506
-9.386244264893637	0.043044207619648785
-9.328389971274527	0.043030937663726336
-9.270534332488563	0.0429881982213892
-9.212683865307225	0.04296011226517001
-9.154826056756173	0.04294636147382681
-9.096975239535743	0.042902212492924204
-9.039118713947046	0.04287445387575414
-8.981266209315597	0.04284667765944898
-8.923413266300232	0.042817507458529615
-8.86555884147031	0.04278914342516697
-8.80770496945619	0.04276387202868866
-8.749851244845678	0.04273276759994836
-8.691997319786527	0.04270443546402888
-8.634143686225476	0.04268714477606903
-8.576289825246537	0.042665074592987615
-8.518436154380716	0.042619626171675036
-8.460581860915118	0.042595565339321635
-8.402728675268687	0.042571811291877815
-8.344873386152077	0.04254276655091731
-8.287020437230414	0.04251905123779278
-8.229166843054294	0.0424756160189188
-8.171313440902901	0.042448307266016914
-8.113457793785306	0.04242230950841803
-8.055603571360981	0.04238993720324583
-7.997750440320958	0.04236845470233656
-7.939896191816413	0.042330443891955546
-7.882042679522493	0.04231305914124907
-7.824188749339893	0.04227800757422436
-7.766336460309771	0.04225379688903268
-7.708482605668572	0.04222051930291044
-7.650628657274678	0.04219037166888945
-7.59277537065999	0.04215091454593915
-7.534919210144037	0.042119102793188624
-7.477064684419847	0.04209505857272868
-7.419213959728456	0.04206393269042279
-7.361357097516557	0.04203321964790609
-7.303504905904059	0.04200027777484003
-7.245647485383054	0.04197659215103011
-7.187794322542624	0.041947842955504064
-7.129944692639753	0.041916652106147534
-7.072091462878385	0.04187876941768754
-7.014233620664651	0.041843765550910905
-6.95637910614518	0.04182103732408847
-6.8985252657070575	0.04178999409685952
-6.8406723948684744	0.041751683767868114
-6.78281686400194	0.0417243849462923
-6.724968921702255	0.04168962290175225
-6.667109413896388	0.0416559279795248
-6.609257140368311	0.041617201606548075
-6.551403528282152	0.04158993114405042
-6.4935493474516575	0.041551202387363206
-6.435695170648754	0.04152058681198151
-6.3778420342010405	0.04149329802591381
-6.319988203865358	0.04145676038185325
-6.262133406882808	0.04142721305860386
-6.204280080460756	0.04138543018107685
-6.146426807699947	0.04135927100273347
-6.088572998608276	0.04132535878531991
-6.0307181141109165	0.04128121919411371
-5.972864385625979	0.04124822899768235
-5.915010211288013	0.041222725242612175
-5.8571561958250165	0.04118323416507524
-5.799302015668039	0.04115143896867629
-5.741449307057937	0.041117687776187746
-5.68359526316643	0.04108188681477293
-5.625740211396829	0.041041182373240524
-5.567886499549887	0.04101438761685809
-5.5100336882748175	0.040969630172370125
-5.452178385162974	0.04093952605848056
-5.394324480216709	0.04089746605154431
-5.336471568770759	0.0408623106157731
-5.2786181507611944	0.040823165462046604
-5.220762071429234	0.04078438005490904
-5.162909825209598	0.040763193291351564
-5.105056926662797	0.04070934425484481
-5.047199794906513	0.0406796887061207
-4.989347281701509	0.04063766469479557
-4.931492375534757	0.040608811781585756
-4.873642735404815	0.04054948224755363
-4.815789161982382	0.04051855736134331
-4.757933636566582	0.04048753624385199
-4.700079926684878	0.04042552344688107
-4.642227471897912	0.04040311185139531
-4.584370706646893	0.040350933216341034
-4.526514771715603	0.040336629770357256
-4.468662245045755	0.040283351006263214
-4.410812936418395	0.04022117993888428
-4.3529539519184635	0.04018594662261134
-4.295101193109527	0.04017357130158809
-4.2372477148476175	0.040113309198782775
-4.1793931181625235	0.040069809392129965
-4.121539119778856	0.04002836229183648
-4.063685724639557	0.039975730521589724
-4.005831402360533	0.03995952934976258
-3.9479777755725416	0.03988898926363675
-3.8901236028465638	0.039861458473684386
-3.832269549766871	0.03982432167295975
-3.77441606662283	0.03977083359648805
-3.7165622026005907	0.03976337455645043
-3.658707878743869	0.03967738422946009
-3.600854932051209	0.039657563690791
-3.5430018483744012	0.03961709320902398
-3.4851457750257597	0.03958311923073646
-3.427292791563713	0.039568347428001034
-3.369437906107734	0.03948561109560295
-3.3115844320331527	0.0393971812079707
-3.2537327287056828	0.03939336594721485
-3.195876841817937	0.03934429627211747
-3.1380231207977674	0.03928977514526311
-3.0801704236253316	0.03923589160425053
-3.0223157949913277	0.0391760439284048
-2.9644625552269113	0.039140474381633344
-2.906606424083517	0.03910138700783822
-2.848755872862086	0.03905137591505766
-2.79089954996497	0.039026895050929745
-2.73304525389351	0.03898586955721346
-2.6751901826155278	0.038929034306337054
-2.6173404078351736	0.03890598013544014
-2.5594850070086888	0.03885842054485549
-2.50162887038104	0.03881844471797562
-2.4437787787445475	0.038782217465774024
-2.3859235726811003	0.038743380951838255
-2.328066327259069	0.03871386762595652
-2.2702140637606507	0.03868482689897373
-2.212362934321047	0.038654593757560585
-2.1545042862260932	0.03863096778345192
-2.0966521156762483	0.03860666909130582
-2.0388014465855173	0.038591003199118096
-1.980945959772242	0.038572041766045576
-1.9230918499987817	0.03855900524318584
-1.8652378365620936	0.03854257690697337
-1.8073834235268402	0.038539587767264835
-1.7495299313900219	0.03854387649385176
-1.6916762104872216	0.03855212313249015
-1.6338215712528341	0.03856796664097638
-1.5759682838043017	0.03859881378332626
-1.5181149137190406	0.03862756738420071
-1.4602611745965843	0.038671989496009924
-1.4024072053276055	0.03873098752938005
-1.344552477040203	0.03879925845375957
-1.2866984350603725	0.03887982847334191
-1.228845410717007	0.038976456508152124
-1.170990631949527	0.03909744468680924
-1.1131380164111961	0.03923263752827606
-1.0552825121139209	0.039377711725516074
-0.9974304370651179	0.03955501983682294
-0.939574125598937	0.03974782390635015
-0.8817228676166587	0.03996490915356467
-0.8238690112282824	0.040346983378966465
-0.7660150957346511	0.04075260688736025
-0.7081592186758899	0.04119126619610668
-0.6503062549120047	0.041601651842845644
-0.592453896965468	0.04193197709617522
-0.5345999861253665	0.0419871981039139
-0.47674339439133756	0.041212940951712976
-0.41889015324210244	0.03808855643476404
-0.41269278519047314	0.03755993950821033
-0.4064921684534925	0.03692852268570174
-0.40029357093140155	0.03630191603003097
-0.3940972709160686	0.03565638871943278
-0.3878983999337647	0.03501251660583079
-0.3816971501505626	0.03437809603161412
-0.3754989336079581	0.03381171784313834
-0.3692987991616798	0.033297046816384596
-0.36310223244800055	0.03287625958209139
-0.35690422668712135	0.03261552183902073
-0.3507049951945356	0.032493550935733015
-0.34450475542764786	0.03255511381750219
-0.33830914268339035	0.03279521643460484
-0.33210758925876627	0.03320774406365659
-0.3259111867214	0.033749191042658104
-0.3197147566344569	0.03441424399447194
-0.3135129890922128	0.0350292463635345
-0.30731719275415204	0.03554564279878873
-0.30111648224070164	0.035905170375497134
-0.29491665964826674	0.03595969912334973
-0.2887179821812237	0.04248951626047077
-0.2825207117348312	0.04889080540287285
-0.2763193551286167	0.04952675151893447
-0.2701256676604973	0.05053389151558553
-0.2639225380759316	0.05195287185023138
-0.2577276338699397	0.05379060144422391
-0.25152954055136	0.05605008557050397
-0.24532843860023926	0.0585887702785499
-0.2391304902977563	0.061828071998970266
-0.23292997990989647	0.06520372148952203
-0.2267331526122349	0.06894934941408526
-0.2205342274364381	0.07290158995434136
-0.21433340543462714	0.07697820713837782
-0.20813705791681786	0.08111075213520574
-0.20193930439479574	0.0853516252433997
-0.19574035877585008	0.08932582470883947
-0.18954043911643262	0.09374077240911927
-0.18333976767685595	0.09801780427340964
-0.17714493134844955	0.10239347068812792
-0.1709434797853564	0.10687079352635066
-0.16474840895119797	0.11129792904247383
-0.15854711910979727	0.11651156897176486
-0.15234625426201917	0.12226846479222607
-0.1461526236266995	0.12913535902289253
-0.13995340006194448	0.1385694294289015
-0.13375536146721725	0.15704201421732178
-0.12755208669865542	0.16279331979384076
-0.1213571689618881	0.18446436201410518
-0.11515747089380803	0.21308403447243449
-0.1089599524570931	0.2489801784696064
-0.10275804332422148	0.28070141355308936
-0.09655879596883578	0.32921362817075484
-0.09036250082450491	0.352739358176892
-0.08416247330931981	0.398291404544236
-0.07796590744347641	0.4340576344747317
-0.0717660411712754	0.48827841448543724
-0.06557016420944922	0.5417671550725757
-0.05937143617471928	0.5863366024870963
-0.053170043960015956	0.6373181978510974
-0.04697342287378121	0.6902932545233776
-0.04077461298774538	0.744965496930976
-0.03457381363469276	0.8011015221282065
-0.028378608700363826	0.8598860511639266
-0.02217449024532406	0.9215886184407108
-0.01597647730207029	0.9860070332968379
-0.009777405672951463	1.052454076478859
-0.0035850618032860146	1.1209861469630238
0.0026154141786630144	1.1911736889063997
0.008816274062790778	1.2626689307227634
0.015017284401086349	1.3357806951767337
0.021210451528818237	1.4099722683972424
0.027410996533224704	1.48563402565649
0.033610964727273186	1.5624497097242118
0.03981010472989134	1.6410356716356191
0.04600816053943479	1.7210253044089938
0.052204871478933955	1.8033395800195182
0.05840802182413533	1.8878042842572031
0.0646012920268829	1.9740232613294806
0.07080055708371512	2.062829772888868
0.07699748826956529	2.1531406140824347
0.08320005333714925	2.247981919182662
0.08939981411414488	2.3450878630289815
0.09559647742746591	2.443971500896035
0.10179815163734611	2.5442091987030326
0.1079962311073494	2.645621866197185
0.1141904080399807	2.7478511662260385
0.12038893375620373	2.8513317952068054
0.12659164949603205	2.956072957959048
0.1327897217492486	3.062227120519234
0.1389828230365665	3.169902065436148
0.14518817918774984	3.2792515657334027
0.1513881109807538	3.39018224386314
0.1575822760331557	3.5028606515034335
0.16377927049294697	3.617333917451519
0.16997890724781606	3.7336690533186623
0.17618099538734186	3.8518598507797965
0.18237622799226966	3.9719950778693693
0.18857340517687182	4.09411313087089
0.1947723232051052	4.218248958012035
0.2009727743239064	4.344407837920911
0.20717454670877428	4.4726600964388075
0.21336802542707567	4.603008859616346
0.21957172982161724	4.735566922275652
0.2257665784211475	4.870336852707648
0.23196174044195494	5.007322601744854
0.23816661665803282	5.146634420243071
0.2443617586589207	5.288261455128039
0.25056625395392507	5.4322456027194646
0.2567604054790713	5.5786461019764575
0.2629635328311826	5.727479264874656
0.2691556871195403	5.8788214531068